Config.# 	 Type of Red. 	 L2 	 MCores 	 MC_D$ 	 MC_HWTC 	 MC_Lane 	 MC_I$ 	 #Sp_Lane 	 #ShS_Lane 	 #CMCore 	 #HC 	 HC_D$ 	 HC_HWTC 	 HC_Lanes 	 HC_I$ 	 HMCore 	 Hot_sys_area 	 Bas_sys_yield 	 Bas_sys_cost 	 Cold_sys_yield 	 Cold_sys_cost 	 Hot_sys_yield 	 Hot_sys_cost 	 Bas_sys_area
0	2	1024	8	64	64	64	16	0	0	0	0	0	0	0	0	0	112.58	0.38046	8.9788	0	0	0	0	73.964
1	2	1024	8	64	64	64	16	0	0	0	8	8	64	1	16	2	128.8	0.38046	8.9788	0.99996	4.2175	0.99688	6.1406
2	2	1024	8	64	64	64	16	0	0	0	8	8	64	2	16	2	130.29	0.38046	8.9788	1	4.2541	0.99692	6.2155
3	2	1024	12	8	64	64	16	0	0	0	0	0	0	0	0	0	114.25	0.23468	15.786	0	0	0	0	79.93
4	2	1024	12	8	64	64	16	0	0	0	12	8	64	1	16	0	138.35	0.23468	15.786	0.91721	4.0868	0.91298	7.2336
5	2	1024	12	8	64	64	16	0	0	0	12	8	64	1	16	1	144.17	0.23468	15.786	0.99619	4.0469	0.99159	6.9583
6	2	1024	12	8	64	64	16	0	0	0	12	8	64	1	16	2	149.99	0.23468	15.786	0.99987	4.3165	0.99526	7.2309
7	2	1024	12	8	64	64	16	0	0	0	12	8	64	2	16	0	140.35	0.23468	15.786	0.99207	3.8226	0.98749	6.7906
8	2	1024	12	8	64	64	16	0	0	0	12	8	64	2	16	1	146.25	0.23468	15.786	0.99997	4.0794	0.99535	7.0383
9	2	1024	12	8	64	64	16	0	0	0	12	8	64	2	16	2	152.14	0.23468	15.786	1	4.3676	0.99539	7.3406
10	2	1024	12	16	64	32	16	0	0	0	0	0	0	0	0	0	110.03	0.36421	8.3282	0	0	0	0	65.994
11	2	1024	12	16	64	32	16	0	0	0	12	8	64	2	16	2	136.71	0.36421	8.3282	1	3.6156	0.99539	6.5511
13	2	1024	12	16	64	64	16	0	0	0	0	0	0	0	0	0	113.1	0.23468	16.54	0	0	0	0	83.575
14	2	1024	12	16	64	64	16	0	0	0	6	8	64	2	16	2	113.1	0.23468	16.54	0.7921	5.6469	0.79027	6.7512
15	2	1024	12	16	64	64	16	0	0	0	12	8	64	1	16	0	141.99	0.23468	16.54	0.91721	4.2799	0.91298	7.4363
16	2	1024	12	16	64	64	16	0	0	0	12	8	64	1	16	1	148.12	0.23468	16.54	0.99619	4.2405	0.99159	7.1613
17	2	1024	12	16	64	64	16	0	0	0	12	8	64	1	16	2	154.24	0.23468	16.54	0.99987	4.5253	0.99526	7.4496
18	2	1024	12	16	64	64	16	0	0	0	12	8	64	2	16	0	144	0.23468	16.54	0.99207	4.0013	0.98749	6.9783
19	2	1024	12	16	64	64	16	0	0	0	12	8	64	2	16	1	150.19	0.23468	16.54	0.99997	4.2724	0.99535	7.2409
20	2	1024	12	16	64	64	16	0	0	0	12	8	64	2	16	2	156.39	0.23468	16.54	1	4.5765	0.99539	7.5596
23	2	1024	12	32	64	32	16	0	0	0	0	0	0	0	0	0	112.79	0.36421	9.2896	0	0	0	0	73.284
24	2	1024	12	32	64	32	16	0	0	0	12	8	64	1	16	1	137.35	0.36421	9.2896	0.9989	3.7041	0.99429	6.5912
25	2	1024	12	32	64	32	16	0	0	0	12	8	64	1	16	2	142.65	0.36421	9.2896	0.99998	3.9574	0.99537	6.8541
26	2	1024	12	32	64	32	16	0	0	0	12	8	64	2	16	1	139.81	0.36421	9.2896	0.99998	3.7662	0.99537	6.7094
27	2	1024	12	32	64	32	16	0	0	0	12	8	64	2	16	2	145.21	0.36421	9.2896	1	4.0288	0.99539	6.9852
30	2	1024	12	32	64	64	16	0	0	0	0	0	0	0	0	0	114.95	0.23468	18.056	0	0	0	0	90.865
31	2	1024	12	32	64	64	16	0	0	0	6	8	64	2	16	1	114.95	0.23468	18.056	0.55511	8.2215	0.55383	9.7999
32	2	1024	12	32	64	64	16	0	0	0	6	8	64	2	16	2	121.61	0.23468	18.056	0.7921	6.1762	0.79027	7.2889
33	2	1024	12	32	64	64	16	0	0	0	12	8	64	1	16	0	149.28	0.23468	18.056	0.91721	4.6679	0.91298	7.8432
34	2	1024	12	32	64	64	16	0	0	0	12	8	64	1	16	1	156.01	0.23468	18.056	0.99619	4.6296	0.99159	7.569
35	2	1024	12	32	64	64	16	0	0	0	12	8	64	1	16	2	162.75	0.23468	18.056	0.99987	4.9449	0.99526	7.8889
36	2	1024	12	32	64	64	16	0	0	0	12	8	64	2	16	0	151.29	0.23468	18.056	0.99207	4.3603	0.98749	7.355
37	2	1024	12	32	64	64	16	0	0	0	12	8	64	2	16	1	158.09	0.23468	18.056	0.99997	4.6604	0.99535	7.6475
38	2	1024	12	32	64	64	16	0	0	0	12	8	64	2	16	2	164.9	0.23468	18.056	1	4.9965	0.99539	7.9994
48	2	1024	12	64	32	32	16	0	0	0	0	0	0	0	0	0	110.46	0.48332	7.3254	0	0	0	0	76.54
49	2	1024	12	64	32	32	16	0	0	0	12	8	32	1	16	2	123.38	0.48332	7.3254	1	4.1225	0.99538	5.8763
50	2	1024	12	64	32	32	16	0	0	0	12	8	32	2	16	2	125.54	0.48332	7.3254	1	4.174	0.99539	5.9849
61	2	1024	12	64	64	1	16	0	0	0	0	0	0	0	0	0	110.14	0.55929	5.8384	0	0	0	0	70.833
62	2	1024	12	64	64	1	16	0	0	0	12	8	64	1	16	1	158.47	0.55929	5.8384	0.99949	4.7352	0.99488	7.6705
63	2	1024	12	64	64	1	16	0	0	0	12	8	64	1	16	2	165.38	0.55929	5.8384	0.99999	5.0751	0.99538	8.0247
64	2	1024	12	64	64	1	16	0	0	0	12	8	64	2	16	1	184.69	0.55929	5.8384	0.99998	5.9847	0.99537	9.0325
65	2	1024	12	64	64	1	16	0	0	0	12	8	64	2	16	2	193.55	0.55929	5.8384	1	6.431	0.99539	9.4983
66	2	1024	12	64	64	2	16	0	0	0	0	0	0	0	0	0	110.73	0.55075	5.9769	0	0	0	0	71.382
67	2	1024	12	64	64	2	16	0	0	0	12	8	64	1	16	1	146.79	0.55075	5.9769	0.99965	4.161	0.99504	7.0686
68	2	1024	12	64	64	2	16	0	0	0	12	8	64	1	16	2	152.81	0.55075	5.9769	1	4.4546	0.99538	7.3753
69	2	1024	12	64	64	2	16	0	0	0	12	8	64	2	16	1	160.75	0.55075	5.9769	0.99998	4.7916	0.99537	7.785
70	2	1024	12	64	64	2	16	0	0	0	12	8	64	2	16	2	167.77	0.55075	5.9769	1	5.1387	0.99539	8.1482
71	2	1024	12	64	64	4	16	0	0	0	0	0	0	0	0	0	111.92	0.53538	6.2472	0	0	0	0	72.481
72	2	1024	12	64	64	4	16	0	0	0	12	8	64	1	16	1	141.85	0.53538	6.2472	0.9997	3.9197	0.99508	6.8153
73	2	1024	12	64	64	4	16	0	0	0	12	8	64	1	16	2	147.49	0.53538	6.2472	1	4.1937	0.99538	7.1019
74	2	1024	12	64	64	4	16	0	0	0	12	8	64	2	16	1	149.68	0.53538	6.2472	0.99999	4.247	0.99537	7.2141
75	2	1024	12	64	64	4	16	0	0	0	12	8	64	2	16	2	155.84	0.53538	6.2472	1	4.5491	0.99539	7.5309
76	2	1024	12	64	64	8	16	0	0	0	0	0	0	0	0	0	114.3	0.50656	6.8119	0	0	0	0	74.679
77	2	1024	12	64	64	8	16	0	0	0	12	8	64	1	16	1	141.16	0.50656	6.8119	0.99966	3.8864	0.99505	6.7805
78	2	1024	12	64	64	8	16	0	0	0	12	8	64	1	16	2	146.75	0.50656	6.8119	1	4.1576	0.99538	7.064
79	2	1024	12	64	64	8	16	0	0	0	12	8	64	2	16	1	145.92	0.50656	6.8119	0.99999	4.0636	0.99537	7.0217
80	2	1024	12	64	64	8	16	0	0	0	12	8	64	2	16	2	151.79	0.50656	6.8119	1	4.3506	0.99539	7.3228
81	2	1024	12	64	64	16	16	0	0	0	0	0	0	0	0	0	113.39	0.45376	8.0728	0	0	0	0	79.074
82	2	1024	12	64	64	16	16	0	0	0	12	8	64	1	16	0	138.55	0.45376	8.0728	0.96969	3.8758	0.96522	6.8528
83	2	1024	12	64	64	16	16	0	0	0	12	8	64	1	16	1	144.39	0.45376	8.0728	0.9995	4.0444	0.99489	6.9466
84	2	1024	12	64	64	16	16	0	0	0	12	8	64	1	16	2	150.23	0.45376	8.0728	0.99999	4.3277	0.99538	7.2423
85	2	1024	12	64	64	16	16	0	0	0	12	8	64	2	16	0	141.62	0.45376	8.0728	0.99475	3.8741	0.99016	6.8373
86	2	1024	12	64	64	16	16	0	0	0	12	8	64	2	16	1	147.62	0.45376	8.0728	0.99999	4.1463	0.99537	7.1085
87	2	1024	12	64	64	16	16	0	0	0	12	8	64	2	16	2	153.62	0.45376	8.0728	1	4.4401	0.99539	7.4167
90	2	1024	12	64	64	32	16	0	0	0	0	0	0	0	0	0	111.7	0.36421	11.231	0	0	0	0	87.864
91	2	1024	12	64	64	32	16	0	0	0	6	8	64	2	16	1	111.7	0.36421	11.231	0.71701	6.1423	0.71536	7.3607
92	2	1024	12	64	64	32	16	0	0	0	6	8	64	2	16	2	118.11	0.36421	11.231	0.90213	5.2312	0.90005	6.2051
93	2	1024	12	64	64	32	16	0	0	0	12	8	64	1	16	0	146.64	0.36421	11.231	0.95529	4.3463	0.95088	7.3885
94	2	1024	12	64	64	32	16	0	0	0	12	8	64	1	16	1	153.15	0.36421	11.231	0.9989	4.4759	0.99429	7.4005
95	2	1024	12	64	64	32	16	0	0	0	12	8	64	1	16	2	159.66	0.36421	11.231	0.99998	4.7917	0.99537	7.7283
96	2	1024	12	64	64	32	16	0	0	0	12	8	64	2	16	0	148.99	0.36421	11.231	0.99418	4.2381	0.9896	7.2209
97	2	1024	12	64	64	32	16	0	0	0	12	8	64	2	16	1	155.61	0.36421	11.231	0.99998	4.538	0.99537	7.5193
98	2	1024	12	64	64	32	16	0	0	0	12	8	64	2	16	2	162.22	0.36421	11.231	1	4.8641	0.99539	7.8608
102	2	1024	12	64	64	64	16	0	0	0	0	0	0	0	0	0	122.88	0.23468	21.114	0	0	0	0	105.45
103	2	1024	12	64	64	64	16	0	0	0	6	8	64	2	16	0	122.88	0.23468	21.114	0.23468	21.114	0.23413	24.874
104	2	1024	12	64	64	64	16	0	0	0	6	8	64	2	16	1	130.75	0.23468	21.114	0.55511	9.6302	0.55383	11.23
105	2	1024	12	64	64	64	16	0	0	0	6	8	64	2	16	2	138.62	0.23468	21.114	0.7921	7.2452	0.79027	8.3741
106	2	1024	12	64	64	64	16	0	0	0	12	8	64	1	16	0	163.86	0.23468	21.114	0.91721	5.451	0.91298	8.6631
107	2	1024	12	64	64	64	16	0	0	0	12	8	64	1	16	1	171.81	0.23468	21.114	0.99619	5.4152	0.99159	8.3906
108	2	1024	12	64	64	64	16	0	0	0	12	8	64	1	16	2	179.76	0.23468	21.114	0.99987	5.7925	0.99526	8.7746
109	2	1024	12	64	64	64	16	0	0	0	12	8	64	2	16	0	165.87	0.23468	21.114	0.99207	5.0848	0.98749	8.114
110	2	1024	12	64	64	64	16	0	0	0	12	8	64	2	16	1	173.89	0.23468	21.114	0.99997	5.4435	0.99535	8.4671
111	2	1024	12	64	64	64	16	0	0	0	12	8	64	2	16	2	181.91	0.23468	21.114	1	5.8446	0.99539	8.8862
122	2	1024	16	8	64	4	16	0	0	0	0	0	0	0	0	0	110.71	0.43473	6.2047	0	0	0	0	58.955
123	2	1024	16	8	64	4	16	0	0	0	16	8	64	1	16	2	150.95	0.43473	6.2047	0.99999	3.4307	0.99385	7.2909
124	2	1024	16	8	64	4	16	0	0	0	16	8	64	2	16	2	161.74	0.43473	6.2047	1	3.882	0.99385	7.8477
125	2	1024	16	8	64	8	16	0	0	0	0	0	0	0	0	0	110.82	0.4038	7.0254	0	0	0	0	61.885
126	2	1024	16	8	64	8	16	0	0	0	16	8	64	1	16	1	146.54	0.4038	7.0254	0.99941	3.2202	0.99327	7.0683
127	2	1024	16	8	64	8	16	0	0	0	16	8	64	1	16	2	150	0.4038	7.0254	0.99999	3.3849	0.99385	7.242
128	2	1024	16	8	64	8	16	0	0	0	16	8	64	2	16	1	152.8	0.4038	7.0254	0.99998	3.449	0.99383	7.3859
129	2	1024	16	8	64	8	16	0	0	0	16	8	64	2	16	2	156.54	0.4038	7.0254	1	3.6298	0.99385	7.5788
130	2	1024	16	8	64	16	16	0	0	0	0	0	0	0	0	0	113.5	0.34868	8.9396	0	0	0	0	67.745
131	2	1024	16	8	64	16	16	0	0	0	16	8	64	1	16	0	147.05	0.34868	8.9396	0.9598	3.3787	0.9539	7.3873
132	2	1024	16	8	64	16	16	0	0	0	16	8	64	1	16	1	150.76	0.34868	8.9396	0.99913	3.4245	0.99299	7.2874
133	2	1024	16	8	64	16	16	0	0	0	16	8	64	1	16	2	154.47	0.34868	8.9396	0.99999	3.6008	0.99384	7.4723
134	2	1024	16	8	64	16	16	0	0	0	16	8	64	2	16	0	151.14	0.34868	8.9396	0.99301	3.3926	0.9869	7.3517
135	2	1024	16	8	64	16	16	0	0	0	16	8	64	2	16	1	155.01	0.34868	8.9396	0.99997	3.556	0.99383	7.5001
136	2	1024	16	8	64	16	16	0	0	0	16	8	64	2	16	2	158.89	0.34868	8.9396	1	3.7435	0.99385	7.7001
138	2	1024	16	8	64	32	16	0	0	0	0	0	0	0	0	0	111.27	0.2601	14.157	0	0	0	0	79.466
139	2	1024	16	8	64	32	16	0	0	0	8	8	64	2	16	2	111.27	0.2601	14.157	0.82654	4.9585	0.82399	6.364
140	2	1024	16	8	64	32	16	0	0	0	16	8	64	1	16	0	157.83	0.2601	14.157	0.94083	4.0001	0.93505	8.1263
141	2	1024	16	8	64	32	16	0	0	0	16	8	64	1	16	1	162.21	0.2601	14.157	0.9981	3.9841	0.99197	7.8874
142	2	1024	16	8	64	32	16	0	0	0	16	8	64	1	16	2	166.6	0.2601	14.157	0.99996	4.1907	0.99381	8.1004
143	2	1024	16	8	64	32	16	0	0	0	16	8	64	2	16	0	160.97	0.2601	14.157	0.99225	3.8748	0.98615	7.869
144	2	1024	16	8	64	32	16	0	0	0	16	8	64	2	16	1	165.46	0.2601	14.157	0.99997	4.0635	0.99382	8.0412
145	2	1024	16	8	64	32	16	0	0	0	16	8	64	2	16	2	169.95	0.2601	14.157	1	4.2828	0.99385	8.2744
149	2	1024	16	8	64	64	16	0	0	0	0	0	0	0	0	0	126.15	0.14475	33.363	0	0	0	0	102.91
150	2	1024	16	8	64	64	16	0	0	0	8	8	64	2	16	0	126.15	0.14475	33.363	0.14475	33.363	0.14431	41.496
151	2	1024	16	8	64	64	16	0	0	0	8	8	64	2	16	1	131.9	0.14475	33.363	0.40828	12.525	0.40703	15.423
152	2	1024	16	8	64	64	16	0	0	0	8	8	64	2	16	2	137.64	0.14475	33.363	0.66316	8.1422	0.66112	9.9349
153	2	1024	16	8	64	64	16	0	0	0	16	8	64	1	16	0	180.8	0.14475	33.363	0.89116	5.486	0.88568	9.9215
154	2	1024	16	8	64	64	16	0	0	0	16	8	64	1	16	1	186.62	0.14475	33.363	0.99348	5.2114	0.98737	9.2075
155	2	1024	16	8	64	64	16	0	0	0	16	8	64	1	16	2	192.44	0.14475	33.363	0.99972	5.4687	0.99358	9.457
156	2	1024	16	8	64	64	16	0	0	0	16	8	64	2	16	0	183.47	0.14475	33.363	0.98944	5.0014	0.98336	9.0777
157	2	1024	16	8	64	64	16	0	0	0	16	8	64	2	16	1	189.36	0.14475	33.363	0.99994	5.2413	0.99379	9.2926
158	2	1024	16	8	64	64	16	0	0	0	16	8	64	2	16	2	195.26	0.14475	33.363	1	5.5348	0.99385	9.6035
174	2	1024	16	16	64	1	16	0	0	0	0	0	0	0	0	0	110.54	0.4608	6.1287	0	0	0	0	61.617
175	2	1024	16	16	64	1	16	0	0	0	16	8	64	1	16	1	174.33	0.4608	6.1287	0.99911	4.5739	0.99297	8.5106
176	2	1024	16	16	64	1	16	0	0	0	16	8	64	1	16	2	179.43	0.4608	6.1287	0.99999	4.8212	0.99384	8.7699
177	2	1024	16	16	64	1	16	0	0	0	16	8	64	2	16	1	208.66	0.4608	6.1287	0.99997	6.2077	0.99382	10.316
178	2	1024	16	16	64	1	16	0	0	0	16	8	64	2	16	2	215.69	0.4608	6.1287	1	6.5629	0.99385	10.691
179	2	1024	16	16	64	2	16	0	0	0	0	0	0	0	0	0	111.32	0.45145	6.3331	0	0	0	0	62.35
180	2	1024	16	16	64	2	16	0	0	0	16	8	64	1	16	1	159.07	0.45145	6.3331	0.99939	3.8258	0.99325	7.7142
181	2	1024	16	16	64	2	16	0	0	0	16	8	64	1	16	2	163.27	0.45145	6.3331	0.99999	4.0279	0.99384	7.9271
182	2	1024	16	16	64	2	16	0	0	0	16	8	64	2	16	1	177.35	0.45145	6.3331	0.99997	4.6467	0.99383	8.6614
183	2	1024	16	16	64	2	16	0	0	0	16	8	64	2	16	2	182.54	0.45145	6.3331	1	4.9027	0.99385	8.9331
184	2	1024	16	16	64	4	16	0	0	0	0	0	0	0	0	0	112.87	0.43473	6.7374	0	0	0	0	63.815
185	2	1024	16	16	64	4	16	0	0	0	16	8	64	1	16	1	152.6	0.43473	6.7374	0.99947	3.5122	0.99333	7.3796
186	2	1024	16	16	64	4	16	0	0	0	16	8	64	1	16	2	156.42	0.43473	6.7374	0.99999	3.6951	0.99385	7.5728
187	2	1024	16	16	64	4	16	0	0	0	16	8	64	2	16	0	158.53	0.43473	6.7374	0.9932	3.7519	0.98709	7.7344
188	2	1024	16	16	64	4	16	0	0	0	16	8	64	2	16	1	162.87	0.43473	6.7374	0.99998	3.9371	0.99383	7.9065
189	2	1024	16	16	64	4	16	0	0	0	16	8	64	2	16	2	167.2	0.43473	6.7374	1	4.1485	0.99385	8.1316
190	2	1024	16	16	64	8	16	0	0	0	0	0	0	0	0	0	112.5	0.4038	7.6006	0	0	0	0	66.745
191	2	1024	16	16	64	8	16	0	0	0	16	8	64	1	16	0	147.94	0.4038	7.6006	0.96696	3.3978	0.96102	7.3797
192	2	1024	16	16	64	8	16	0	0	0	16	8	64	1	16	1	151.71	0.4038	7.6006	0.99941	3.469	0.99327	7.3338
193	2	1024	16	16	64	8	16	0	0	0	16	8	64	1	16	2	155.47	0.4038	7.6006	0.99999	3.6491	0.99385	7.5237
194	2	1024	16	16	64	8	16	0	0	0	16	8	64	2	16	0	153.91	0.4038	7.6006	0.99322	3.5267	0.98711	7.494
195	2	1024	16	16	64	8	16	0	0	0	16	8	64	2	16	1	157.96	0.4038	7.6006	0.99998	3.6987	0.99383	7.6524
196	2	1024	16	16	64	8	16	0	0	0	16	8	64	2	16	2	162.01	0.4038	7.6006	1	3.8952	0.99385	7.8617
197	2	1024	16	16	64	16	16	0	0	0	0	0	0	0	0	0	118.36	0.34868	9.6094	0	0	0	0	72.605
198	2	1024	16	16	64	16	16	0	0	0	16	8	64	1	16	0	151.91	0.34868	9.6094	0.9598	3.6226	0.9539	7.6477
199	2	1024	16	16	64	16	16	0	0	0	16	8	64	1	16	1	155.93	0.34868	9.6094	0.99913	3.6743	0.99299	7.5537
200	2	1024	16	16	64	16	16	0	0	0	16	8	64	1	16	2	159.94	0.34868	9.6094	0.99999	3.866	0.99384	7.7548
201	2	1024	16	16	64	16	16	0	0	0	16	8	64	2	16	0	156	0.34868	9.6094	0.99301	3.629	0.9869	7.604
202	2	1024	16	16	64	16	16	0	0	0	16	8	64	2	16	1	160.18	0.34868	9.6094	0.99997	3.8062	0.99383	7.7671
203	2	1024	16	16	64	16	16	0	0	0	16	8	64	2	16	2	164.35	0.34868	9.6094	1	4.0094	0.99385	7.9834
206	2	1024	16	16	64	32	16	0	0	0	0	0	0	0	0	0	112.15	0.2601	15.064	0	0	0	0	84.326
207	2	1024	16	16	64	32	16	0	0	0	8	8	64	2	16	1	112.15	0.2601	15.064	0.59603	6.9486	0.5942	8.8993
208	2	1024	16	16	64	32	16	0	0	0	8	8	64	2	16	2	116.74	0.2601	15.064	0.82654	5.2822	0.82399	6.6947
209	2	1024	16	16	64	32	16	0	0	0	16	8	64	1	16	0	162.69	0.2601	15.064	0.94083	4.2513	0.93505	8.3938
210	2	1024	16	16	64	32	16	0	0	0	16	8	64	1	16	1	167.38	0.2601	15.064	0.9981	4.2367	0.99197	8.156
211	2	1024	16	16	64	32	16	0	0	0	16	8	64	1	16	2	172.06	0.2601	15.064	0.99996	4.4586	0.99381	8.3851
212	2	1024	16	16	64	32	16	0	0	0	16	8	64	2	16	0	165.83	0.2601	15.064	0.99225	4.1134	0.98615	8.1231
213	2	1024	16	16	64	32	16	0	0	0	16	8	64	2	16	1	170.62	0.2601	15.064	0.99997	4.316	0.99382	8.3099
214	2	1024	16	16	64	32	16	0	0	0	16	8	64	2	16	2	175.42	0.2601	15.064	1	4.5511	0.99385	8.5598
218	2	1024	16	16	64	64	16	0	0	0	0	0	0	0	0	0	131.01	0.14475	35.025	0	0	0	0	107.77
219	2	1024	16	16	64	64	16	0	0	0	8	8	64	2	16	0	131.01	0.14475	35.025	0.14475	35.025	0.14431	43.192
220	2	1024	16	16	64	64	16	0	0	0	8	8	64	2	16	1	137.06	0.14475	35.025	0.40828	13.154	0.40703	16.065
221	2	1024	16	16	64	64	16	0	0	0	8	8	64	2	16	2	143.11	0.14475	35.025	0.66316	8.554	0.66112	10.355
222	2	1024	16	16	64	64	16	0	0	0	16	8	64	1	16	0	185.66	0.14475	35.025	0.89116	5.7563	0.88568	10.208
223	2	1024	16	16	64	64	16	0	0	0	16	8	64	1	16	1	191.78	0.14475	35.025	0.99348	5.4701	0.98737	9.4815
224	2	1024	16	16	64	64	16	0	0	0	16	8	64	1	16	2	197.91	0.14475	35.025	0.99972	5.7421	0.99358	9.7464
225	2	1024	16	16	64	64	16	0	0	0	16	8	64	2	16	0	188.33	0.14475	35.025	0.98944	5.245	0.98336	9.3361
226	2	1024	16	16	64	64	16	0	0	0	16	8	64	2	16	1	194.53	0.14475	35.025	0.99994	5.4986	0.99379	9.5653
227	2	1024	16	16	64	64	16	0	0	0	16	8	64	2	16	2	200.73	0.14475	35.025	1	5.8085	0.99385	9.8932
255	2	1024	16	32	32	32	16	0	0	0	0	0	0	0	0	0	113.85	0.37929	9.6415	0	0	0	0	78.947
256	2	1024	16	32	32	32	16	0	0	0	16	8	32	1	16	1	130.96	0.37929	9.6415	0.99937	3.9278	0.99322	6.273
257	2	1024	16	32	32	32	16	0	0	0	16	8	32	1	16	2	135.28	0.37929	9.6415	0.99999	4.1361	0.99384	6.4888
258	2	1024	16	32	32	32	16	0	0	0	16	8	32	2	16	0	129.31	0.37929	9.6415	0.99325	3.7994	0.98714	6.2272
259	2	1024	16	32	32	32	16	0	0	0	16	8	32	2	16	1	133.71	0.37929	9.6415	0.99998	3.9877	0.99383	6.4086
260	2	1024	16	32	32	32	16	0	0	0	16	8	32	2	16	2	138.1	0.37929	9.6415	1	4.2023	0.99385	6.6325
273	2	1024	16	32	64	1	16	0	0	0	0	0	0	0	0	0	117.09	0.4608	7.1389	0	0	0	0	71.337
274	2	1024	16	32	64	1	16	0	0	0	16	8	64	1	16	0	178.95	0.4608	7.1389	0.95944	5.0006	0.95354	9.1147
275	2	1024	16	32	64	1	16	0	0	0	16	8	64	1	16	1	184.66	0.4608	7.1389	0.99911	5.0846	0.99297	9.0524
276	2	1024	16	32	64	1	16	0	0	0	16	8	64	1	16	2	190.36	0.4608	7.1389	0.99999	5.3638	0.99384	9.3449
277	2	1024	16	32	64	1	16	0	0	0	16	8	64	2	16	0	211.35	0.4608	7.1389	0.99221	6.3931	0.98611	10.541
278	2	1024	16	32	64	1	16	0	0	0	16	8	64	2	16	1	218.99	0.4608	7.1389	0.99997	6.7305	0.99382	10.868
279	2	1024	16	32	64	1	16	0	0	0	16	8	64	2	16	2	226.62	0.4608	7.1389	1	7.1192	0.99385	11.279
280	2	1024	16	32	64	2	16	0	0	0	0	0	0	0	0	0	117.83	0.45145	7.3649	0	0	0	0	72.07
281	2	1024	16	32	64	2	16	0	0	0	16	8	64	1	16	0	164.59	0.45145	7.3649	0.96637	4.2348	0.96043	8.2739
282	2	1024	16	32	64	2	16	0	0	0	16	8	64	1	16	1	169.39	0.45145	7.3649	0.99939	4.3301	0.99325	8.2506
283	2	1024	16	32	64	2	16	0	0	0	16	8	64	1	16	2	174.2	0.45145	7.3649	0.99999	4.5635	0.99384	8.4964
284	2	1024	16	32	64	2	16	0	0	0	16	8	64	2	16	0	181.88	0.45145	7.3649	0.99295	4.9048	0.98685	8.9618
285	2	1024	16	32	64	2	16	0	0	0	16	8	64	2	16	1	187.68	0.45145	7.3649	0.99997	5.1575	0.99383	9.2036
286	2	1024	16	32	64	2	16	0	0	0	16	8	64	2	16	2	193.48	0.45145	7.3649	1	5.4459	0.99385	9.5092
287	2	1024	16	32	64	4	16	0	0	0	0	0	0	0	0	0	119.29	0.43473	7.8104	0	0	0	0	73.535
288	2	1024	16	32	64	4	16	0	0	0	16	8	64	1	16	0	158.5	0.43473	7.8104	0.96862	3.9191	0.96267	7.9292
289	2	1024	16	32	64	4	16	0	0	0	16	8	64	1	16	1	162.93	0.43473	7.8104	0.99947	4.0136	0.99333	7.9138
290	2	1024	16	32	64	4	16	0	0	0	16	8	64	1	16	2	167.36	0.43473	7.8104	0.99999	4.2277	0.99385	8.1395
291	2	1024	16	32	64	4	16	0	0	0	16	8	64	2	16	0	168.25	0.43473	7.8104	0.9932	4.2285	0.98709	8.2421
292	2	1024	16	32	64	4	16	0	0	0	16	8	64	2	16	1	173.19	0.43473	7.8104	0.99998	4.4421	0.99383	8.444
293	2	1024	16	32	64	4	16	0	0	0	16	8	64	2	16	2	178.14	0.43473	7.8104	1	4.6852	0.99385	8.7022
294	2	1024	16	32	64	8	16	0	0	0	0	0	0	0	0	0	122.22	0.4038	8.7589	0	0	0	0	76.465
295	2	1024	16	32	64	8	16	0	0	0	16	8	64	1	16	0	157.66	0.4038	8.7589	0.96696	3.8834	0.96102	7.8976
296	2	1024	16	32	64	8	16	0	0	0	16	8	64	1	16	1	162.03	0.4038	8.7589	0.99941	3.9701	0.99327	7.8677
297	2	1024	16	32	64	8	16	0	0	0	16	8	64	1	16	2	166.41	0.4038	8.7589	0.99999	4.1812	0.99385	8.0902
298	2	1024	16	32	64	8	16	0	0	0	16	8	64	2	16	0	163.63	0.4038	8.7589	0.99322	4.0014	0.98711	8.0003
299	2	1024	16	32	64	8	16	0	0	0	16	8	64	2	16	1	168.29	0.4038	8.7589	0.99998	4.2016	0.99383	8.1881
300	2	1024	16	32	64	8	16	0	0	0	16	8	64	2	16	2	172.94	0.4038	8.7589	1	4.4296	0.99385	8.4305
302	2	1024	16	32	64	16	16	0	0	0	0	0	0	0	0	0	110.03	0.34868	10.958	0	0	0	0	82.325
303	2	1024	16	32	64	16	16	0	0	0	8	8	64	2	16	1	110.03	0.34868	10.958	0.70422	5.7338	0.70205	7.3815
304	2	1024	16	32	64	16	16	0	0	0	8	8	64	2	16	2	114.49	0.34868	10.958	0.89681	4.7453	0.89405	6.0445
305	2	1024	16	32	64	16	16	0	0	0	16	8	64	1	16	0	161.63	0.34868	10.958	0.9598	4.1136	0.9539	8.1708
306	2	1024	16	32	64	16	16	0	0	0	16	8	64	1	16	1	166.25	0.34868	10.958	0.99913	4.1774	0.99299	8.0892
307	2	1024	16	32	64	16	16	0	0	0	16	8	64	1	16	2	170.88	0.34868	10.958	0.99999	4.4001	0.99384	8.3229
308	2	1024	16	32	64	16	16	0	0	0	16	8	64	2	16	0	165.72	0.34868	10.958	0.99301	4.1047	0.9869	8.111
309	2	1024	16	32	64	16	16	0	0	0	16	8	64	2	16	1	170.5	0.34868	10.958	0.99997	4.3101	0.99383	8.3035
310	2	1024	16	32	64	16	16	0	0	0	16	8	64	2	16	2	175.29	0.34868	10.958	1	4.5449	0.99385	8.5531
314	2	1024	16	32	64	32	16	0	0	0	0	0	0	0	0	0	117.29	0.2601	16.89	0	0	0	0	94.046
315	2	1024	16	32	64	32	16	0	0	0	8	8	64	2	16	0	117.29	0.2601	16.89	0.2601	16.89	0.25929	21.381
316	2	1024	16	32	64	32	16	0	0	0	8	8	64	2	16	1	122.48	0.2601	16.89	0.59603	7.7987	0.5942	9.7675
317	2	1024	16	32	64	32	16	0	0	0	8	8	64	2	16	2	127.67	0.2601	16.89	0.82654	5.9338	0.82399	7.36
318	2	1024	16	32	64	32	16	0	0	0	16	8	64	1	16	0	172.41	0.2601	16.89	0.94083	4.7568	0.93505	8.9312
319	2	1024	16	32	64	32	16	0	0	0	16	8	64	1	16	1	177.7	0.2601	16.89	0.9981	4.7451	0.99197	8.696
320	2	1024	16	32	64	32	16	0	0	0	16	8	64	1	16	2	183	0.2601	16.89	0.99996	4.9981	0.99381	8.9576
321	2	1024	16	32	64	32	16	0	0	0	16	8	64	2	16	0	175.55	0.2601	16.89	0.99225	4.5934	0.98615	8.6337
322	2	1024	16	32	64	32	16	0	0	0	16	8	64	2	16	1	180.95	0.2601	16.89	0.99997	4.8242	0.99382	8.8499
323	2	1024	16	32	64	32	16	0	0	0	16	8	64	2	16	2	186.35	0.2601	16.89	1	5.0914	0.99385	9.1334
327	2	1024	16	32	64	64	16	0	0	0	0	0	0	0	0	0	140.73	0.14475	38.368	0	0	0	0	117.49
328	2	1024	16	32	64	64	16	0	0	0	8	8	64	2	16	0	140.73	0.14475	38.368	0.14475	38.368	0.14431	46.602
329	2	1024	16	32	64	64	16	0	0	0	8	8	64	2	16	1	147.39	0.14475	38.368	0.40828	14.419	0.40703	17.355
330	2	1024	16	32	64	64	16	0	0	0	8	8	64	2	16	2	154.04	0.14475	38.368	0.66316	9.3825	0.66112	11.199
331	2	1024	16	32	64	64	16	0	0	0	16	8	64	1	16	0	195.38	0.14475	38.368	0.89116	6.2997	0.88568	10.784
332	2	1024	16	32	64	64	16	0	0	0	16	8	64	1	16	1	202.11	0.14475	38.368	0.99348	5.9905	0.98737	10.032
333	2	1024	16	32	64	64	16	0	0	0	16	8	64	2	16	0	198.05	0.14475	38.368	0.98944	5.7349	0.98336	9.8553
389	2	1024	16	64	16	16	16	0	0	0	0	0	0	0	0	0	110.74	0.61397	5.9696	0	0	0	0	79.117
390	2	1024	16	64	16	16	16	0	0	0	16	8	16	1	16	2	120.38	0.61397	5.9696	1	4.1454	0.99385	5.7337
391	2	1024	16	64	16	16	16	0	0	0	16	8	16	2	16	2	123.2	0.61397	5.9696	1	4.2116	0.99385	5.8759
412	2	1024	16	64	32	1	16	0	0	0	0	0	0	0	0	0	110.38	0.66983	5.2235	0	0	0	0	75.678
413	2	1024	16	64	32	1	16	0	0	0	16	8	32	1	16	1	143.03	0.66983	5.2235	0.99987	4.5162	0.99372	6.8851
414	2	1024	16	64	32	1	16	0	0	0	16	8	32	1	16	2	148.06	0.66983	5.2235	1	4.7635	0.99385	7.1422
415	2	1024	16	64	32	1	16	0	0	0	16	8	32	2	16	1	161.32	0.66983	5.2235	0.99998	5.3482	0.99383	7.8262
416	2	1024	16	64	32	1	16	0	0	0	16	8	32	2	16	2	167.34	0.66983	5.2235	1	5.6487	0.99385	8.1386
417	2	1024	16	64	32	2	16	0	0	0	0	0	0	0	0	0	111.16	0.65731	5.3768	0	0	0	0	76.411
418	2	1024	16	64	32	2	16	0	0	0	16	8	32	1	16	1	135.79	0.65731	5.3768	0.9999	4.1611	0.99375	6.515
419	2	1024	16	64	32	2	16	0	0	0	16	8	32	1	16	2	140.39	0.65731	5.3768	1	4.3861	0.99385	6.7493
420	2	1024	16	64	32	2	16	0	0	0	16	8	32	2	16	1	146.05	0.65731	5.3768	0.99998	4.5923	0.99383	7.0392
421	2	1024	16	64	32	2	16	0	0	0	16	8	32	2	16	2	151.18	0.65731	5.3768	1	4.8449	0.99385	7.3023
422	2	1024	16	64	32	4	16	0	0	0	0	0	0	0	0	0	112.71	0.6335	5.6908	0	0	0	0	77.876
423	2	1024	16	64	32	4	16	0	0	0	16	8	32	1	16	1	133.33	0.6335	5.6908	0.9999	4.0412	0.99375	6.3901
424	2	1024	16	64	32	4	16	0	0	0	16	8	32	1	16	2	137.8	0.6335	5.6908	1	4.2588	0.99385	6.6167
425	2	1024	16	64	32	4	16	0	0	0	16	8	32	2	16	1	139.59	0.6335	5.6908	0.99998	4.2749	0.99383	6.7083
426	2	1024	16	64	32	4	16	0	0	0	16	8	32	2	16	2	144.33	0.6335	5.6908	1	4.5076	0.99385	6.9508
427	2	1024	16	64	32	8	16	0	0	0	0	0	0	0	0	0	111.46	0.58868	6.3653	0	0	0	0	80.806
428	2	1024	16	64	32	8	16	0	0	0	16	8	32	1	16	0	129.92	0.58868	6.3653	0.98453	3.9352	0.97848	6.3135
429	2	1024	16	64	32	8	16	0	0	0	16	8	32	1	16	1	134.44	0.58868	6.3653	0.99987	4.0954	0.99373	6.4467
430	2	1024	16	64	32	8	16	0	0	0	16	8	32	1	16	2	138.97	0.58868	6.3653	1	4.3163	0.99385	6.6765
431	2	1024	16	64	32	8	16	0	0	0	16	8	32	2	16	0	134	0.58868	6.3653	0.99373	4.0271	0.98762	6.4639
432	2	1024	16	64	32	8	16	0	0	0	16	8	32	2	16	1	138.69	0.58868	6.3653	0.99998	4.231	0.99383	6.6625
433	2	1024	16	64	32	8	16	0	0	0	16	8	32	2	16	2	143.38	0.58868	6.3653	1	4.4609	0.99385	6.9021
435	2	1024	16	64	32	16	16	0	0	0	0	0	0	0	0	0	111.82	0.50843	7.9306	0	0	0	0	86.666
436	2	1024	16	64	32	16	16	0	0	0	8	8	32	2	16	2	111.82	0.50843	7.9306	0.96367	4.6647	0.9607	5.487
437	2	1024	16	64	32	16	16	0	0	0	16	8	32	1	16	0	134.83	0.50843	7.9306	0.97954	4.1998	0.97352	6.6007
438	2	1024	16	64	32	16	16	0	0	0	16	8	32	1	16	1	139.67	0.50843	7.9306	0.99978	4.3514	0.99363	6.7137
439	2	1024	16	64	32	16	16	0	0	0	16	8	32	1	16	2	144.5	0.50843	7.9306	1	4.5879	0.99385	6.9594
440	2	1024	16	64	32	16	16	0	0	0	16	8	32	2	16	0	137.97	0.50843	7.9306	0.99363	4.2227	0.98752	6.6683
441	2	1024	16	64	32	16	16	0	0	0	16	8	32	2	16	1	142.91	0.50843	7.9306	0.99998	4.4379	0.99383	6.8783
442	2	1024	16	64	32	16	16	0	0	0	16	8	32	2	16	2	147.85	0.50843	7.9306	1	4.6808	0.99385	7.1313
446	2	1024	16	64	32	32	16	0	0	0	0	0	0	0	0	0	114.08	0.37929	12.145	0	0	0	0	98.387
447	2	1024	16	64	32	32	16	0	0	0	8	8	32	2	16	0	114.08	0.37929	12.145	0.37929	12.145	0.37813	14.239
448	2	1024	16	64	32	32	16	0	0	0	8	8	32	2	16	1	119.54	0.37929	12.145	0.73608	6.6242	0.73381	7.7087
449	2	1024	16	64	32	32	16	0	0	0	8	8	32	2	16	2	125.01	0.37929	12.145	0.91437	5.6285	0.91156	6.5059
450	2	1024	16	64	32	32	16	0	0	0	16	8	32	1	16	0	146.08	0.37929	12.145	0.9657	4.8315	0.95976	7.2906
451	2	1024	16	64	32	32	16	0	0	0	16	8	32	1	16	1	151.62	0.37929	12.145	0.99937	4.9424	0.99322	7.3297
452	2	1024	16	64	32	32	16	0	0	0	16	8	32	1	16	2	157.15	0.37929	12.145	0.99999	5.2139	0.99384	7.6107
453	2	1024	16	64	32	32	16	0	0	0	16	8	32	2	16	0	148.75	0.37929	12.145	0.99325	4.7573	0.98714	7.2263
454	2	1024	16	64	32	32	16	0	0	0	16	8	32	2	16	1	154.36	0.37929	12.145	0.99998	5.0027	0.99383	7.4667
455	2	1024	16	64	32	32	16	0	0	0	16	8	32	2	16	2	159.97	0.37929	12.145	1	5.2813	0.99385	7.7565
471	2	1024	16	64	64	1	16	0	0	0	0	0	0	0	0	0	114.02	0.4608	9.186	0	0	0	0	90.777
472	2	1024	16	64	64	1	16	0	0	0	8	8	64	2	16	0	114.02	0.4608	9.186	0.4608	9.186	0.45938	11.713
473	2	1024	16	64	64	1	16	0	0	0	8	8	64	2	16	1	119.01	0.4608	9.186	0.80932	5.5323	0.80683	6.9778
474	2	1024	16	64	64	1	16	0	0	0	8	8	64	2	16	2	123.99	0.4608	9.186	0.94935	4.9748	0.94643	6.2126
475	2	1024	16	64	64	1	16	0	0	0	16	8	64	1	16	0	198.39	0.4608	9.186	0.95944	6.0088	0.95354	10.183
476	2	1024	16	64	64	1	16	0	0	0	16	8	64	1	16	1	205.31	0.4608	9.186	0.99911	6.1181	0.99297	10.146
477	2	1024	16	64	64	1	16	0	0	0	16	8	64	1	16	2	212.23	0.4608	9.186	0.99999	6.4621	0.99384	10.506
478	2	1024	16	64	64	1	16	0	0	0	16	8	64	2	16	0	230.79	0.4608	9.186	0.99221	7.3897	0.98611	11.593
479	2	1024	16	64	64	1	16	0	0	0	16	8	64	2	16	1	239.64	0.4608	9.186	0.99997	7.787	0.99382	11.983
480	2	1024	16	64	64	1	16	0	0	0	16	8	64	2	16	2	248.49	0.4608	9.186	1	8.244	0.99385	12.464
484	2	1024	16	64	64	2	16	0	0	0	0	0	0	0	0	0	114.75	0.45145	9.4558	0	0	0	0	91.51
485	2	1024	16	64	64	2	16	0	0	0	8	8	64	2	16	0	114.75	0.45145	9.4558	0.45145	9.4558	0.45006	12.037
486	2	1024	16	64	64	2	16	0	0	0	8	8	64	2	16	1	119.79	0.45145	9.4558	0.8017	5.6326	0.79924	7.0928
487	2	1024	16	64	64	2	16	0	0	0	8	8	64	2	16	2	124.82	0.45145	9.4558	0.94607	5.0351	0.94316	6.278
488	2	1024	16	64	64	2	16	0	0	0	16	8	64	1	16	0	184.03	0.45145	9.4558	0.96637	5.2246	0.96043	9.3248
489	2	1024	16	64	64	2	16	0	0	0	16	8	64	1	16	1	190.05	0.45145	9.4558	0.99939	5.3513	0.99325	9.3339
490	2	1024	16	64	64	2	16	0	0	0	16	8	64	1	16	2	196.07	0.45145	9.4558	0.99999	5.6487	0.99384	9.6466
491	2	1024	16	64	64	2	16	0	0	0	16	8	64	2	16	0	201.32	0.45145	9.4558	0.99295	5.88	0.98685	9.9955
492	2	1024	16	64	64	2	16	0	0	0	16	8	64	2	16	1	208.34	0.45145	9.4558	0.99997	6.1913	0.99383	10.298
493	2	1024	16	64	64	2	16	0	0	0	16	8	64	2	16	2	215.35	0.45145	9.4558	1	6.5455	0.99385	10.673
497	2	1024	16	64	64	4	16	0	0	0	0	0	0	0	0	0	116.22	0.43473	9.9845	0	0	0	0	92.975
498	2	1024	16	64	64	4	16	0	0	0	8	8	64	2	16	0	116.22	0.43473	9.9845	0.43473	9.9845	0.43339	12.669
499	2	1024	16	64	64	4	16	0	0	0	8	8	64	2	16	1	121.34	0.43473	9.9845	0.78761	5.8306	0.78518	7.319
500	2	1024	16	64	64	4	16	0	0	0	8	8	64	2	16	2	126.47	0.43473	9.9845	0.93978	5.1554	0.93688	6.4084
501	2	1024	16	64	64	4	16	0	0	0	16	8	64	1	16	0	177.94	0.43473	9.9845	0.96862	4.9017	0.96267	8.9736
502	2	1024	16	64	64	4	16	0	0	0	16	8	64	1	16	1	183.58	0.43473	9.9845	0.99947	5.0295	0.99333	8.9927
503	2	1024	16	64	64	4	16	0	0	0	16	8	64	1	16	2	189.23	0.43473	9.9845	0.99999	5.3071	0.99385	9.2849
504	2	1024	16	64	64	4	16	0	0	0	16	8	64	2	16	0	187.69	0.43473	9.9845	0.9932	5.1932	0.98709	9.267
505	2	1024	16	64	64	4	16	0	0	0	16	8	64	2	16	1	193.85	0.43473	9.9845	0.99998	5.4646	0.99383	9.5292
506	2	1024	16	64	64	4	16	0	0	0	16	8	64	2	16	2	200.01	0.43473	9.9845	1	5.7725	0.99385	9.8552
510	2	1024	16	64	64	8	16	0	0	0	0	0	0	0	0	0	119.15	0.4038	11.105	0	0	0	0	95.905
511	2	1024	16	64	64	8	16	0	0	0	8	8	64	2	16	0	119.15	0.4038	11.105	0.4038	11.105	0.40256	14.003
512	2	1024	16	64	64	8	16	0	0	0	8	8	64	2	16	1	124.46	0.4038	11.105	0.7598	6.2459	0.75746	7.7931
513	2	1024	16	64	64	8	16	0	0	0	8	8	64	2	16	2	129.76	0.4038	11.105	0.92653	5.4052	0.92368	6.6797
514	2	1024	16	64	64	8	16	0	0	0	16	8	64	1	16	0	177.1	0.4038	11.105	0.96696	4.867	0.96102	8.9433
515	2	1024	16	64	64	8	16	0	0	0	16	8	64	1	16	1	182.69	0.4038	11.105	0.99941	4.9853	0.99327	8.946
516	2	1024	16	64	64	8	16	0	0	0	16	8	64	1	16	2	188.28	0.4038	11.105	0.99999	5.2599	0.99385	9.2348
517	2	1024	16	64	64	8	16	0	0	0	16	8	64	2	16	0	183.07	0.4038	11.105	0.99322	4.9626	0.98711	9.0222
518	2	1024	16	64	64	8	16	0	0	0	16	8	64	2	16	1	188.94	0.4038	11.105	0.99998	5.2202	0.99383	9.2701
519	2	1024	16	64	64	8	16	0	0	0	16	8	64	2	16	2	194.81	0.4038	11.105	1	5.5125	0.99385	9.5798
523	2	1024	16	64	64	16	16	0	0	0	0	0	0	0	0	0	125.01	0.34868	13.689	0	0	0	0	101.77
524	2	1024	16	64	64	16	16	0	0	0	8	8	64	2	16	0	125.01	0.34868	13.689	0.34868	13.689	0.34761	17.062
525	2	1024	16	64	64	16	16	0	0	0	8	8	64	2	16	1	130.68	0.34868	13.689	0.70422	7.1763	0.70205	8.8545
526	2	1024	16	64	64	16	16	0	0	0	8	8	64	2	16	2	136.36	0.34868	13.689	0.89681	5.9495	0.89405	7.2737
527	2	1024	16	64	64	16	16	0	0	0	16	8	64	1	16	0	181.07	0.34868	13.689	0.9598	5.1078	0.9539	9.227
528	2	1024	16	64	64	16	16	0	0	0	16	8	64	1	16	1	186.91	0.34868	13.689	0.99913	5.1964	0.99299	9.1707
529	2	1024	16	64	64	16	16	0	0	0	16	8	64	1	16	2	192.75	0.34868	13.689	0.99999	5.4826	0.99384	9.4707
530	2	1024	16	64	64	16	16	0	0	0	16	8	64	2	16	0	185.16	0.34868	13.689	0.99301	5.0676	0.9869	9.1345
531	2	1024	16	64	64	16	16	0	0	0	16	8	64	2	16	1	191.16	0.34868	13.689	0.99997	5.3305	0.99383	9.387
532	2	1024	16	64	64	16	16	0	0	0	16	8	64	2	16	2	197.16	0.34868	13.689	1	5.6298	0.99385	9.704
536	2	1024	16	64	64	32	16	0	0	0	0	0	0	0	0	0	136.73	0.2601	20.586	0	0	0	0	113.49
537	2	1024	16	64	64	32	16	0	0	0	8	8	64	2	16	0	136.73	0.2601	20.586	0.2601	20.586	0.25929	25.153
538	2	1024	16	64	64	32	16	0	0	0	8	8	64	2	16	1	143.14	0.2601	20.586	0.59603	9.5198	0.5942	11.524
539	2	1024	16	64	64	32	16	0	0	0	8	8	64	2	16	2	149.54	0.2601	20.586	0.82654	7.2537	0.82399	8.7062
540	2	1024	16	64	64	32	16	0	0	0	16	8	64	1	16	0	191.85	0.2601	20.586	0.94083	5.7798	0.93505	10.016
541	2	1024	16	64	64	32	16	0	0	0	16	8	64	1	16	1	198.36	0.2601	20.586	0.9981	5.7742	0.99197	9.7863
542	2	1024	16	64	64	32	16	0	0	0	16	8	64	2	16	0	194.99	0.2601	20.586	0.99225	5.5646	0.98615	9.6642
543	2	1024	16	64	64	32	16	0	0	0	16	8	64	2	16	1	201.61	0.2601	20.586	0.99997	5.8528	0.99382	9.9403
546	2	1024	16	64	64	64	16	0	0	0	0	0	0	0	0	0	160.17	0.14475	45.125	0	0	0	0	136.93
547	2	1024	16	64	64	64	16	0	0	0	8	8	64	2	16	0	160.17	0.14475	45.125	0.14475	45.125	0.14431	53.49
548	2	1024	16	64	64	64	16	0	0	0	8	8	64	2	16	1	168.04	0.14475	45.125	0.40828	16.978	0.40703	19.962
549	2	2048	8	32	64	64	16	0	0	0	0	0	0	0	0	0	111.43	0.38046	9.1411	0	0	0	0	75.244
550	2	2048	8	32	64	64	16	0	0	0	8	8	64	1	16	2	127.65	0.38046	9.1411	0.99996	4.1612	0.99688	6.0826
551	2	2048	8	32	64	64	16	0	0	0	8	8	64	2	16	2	129.14	0.38046	9.1411	1	4.1979	0.99692	6.1573
553	2	2048	8	64	64	64	16	0	0	0	0	0	0	0	0	0	112.33	0.38046	10.38	0	0	0	0	84.964
554	2	2048	8	64	64	64	16	0	0	0	4	8	64	2	16	2	112.33	0.38046	10.38	0.90412	5.2213	0.90273	5.8673
555	2	2048	8	64	64	64	16	0	0	0	8	8	64	1	16	1	131.86	0.38046	10.38	0.99821	4.3747	0.99513	6.3062
556	2	2048	8	64	64	64	16	0	0	0	8	8	64	1	16	2	139.8	0.38046	10.38	0.99996	4.758	0.99688	6.6986
557	2	2048	8	64	64	64	16	0	0	0	8	8	64	2	16	1	133.27	0.38046	10.38	0.99998	4.4002	0.99691	6.3664
558	2	2048	8	64	64	64	16	0	0	0	8	8	64	2	16	2	141.29	0.38046	10.38	1	4.795	0.99692	6.774
561	2	2048	12	8	64	32	16	0	0	0	0	0	0	0	0	0	111.95	0.36421	9.2982	0	0	0	0	73.349
562	2	2048	12	8	64	32	16	0	0	0	12	8	64	1	16	1	136.51	0.36421	9.2982	0.9989	3.6631	0.99429	6.548
563	2	2048	12	8	64	32	16	0	0	0	12	8	64	1	16	2	140.89	0.36421	9.2982	0.99998	3.8719	0.99537	6.7644
564	2	2048	12	8	64	32	16	0	0	0	12	8	64	2	16	1	138.97	0.36421	9.2982	0.99998	3.7251	0.99537	6.6663
565	2	2048	12	8	64	32	16	0	0	0	12	8	64	2	16	2	143.46	0.36421	9.2982	1	3.9432	0.99539	6.8953
568	2	2048	12	8	64	64	16	0	0	0	0	0	0	0	0	0	114.11	0.23468	18.069	0	0	0	0	90.93
569	2	2048	12	8	64	64	16	0	0	0	6	8	64	2	16	1	114.11	0.23468	18.069	0.55511	8.1465	0.55383	9.7237
570	2	2048	12	8	64	64	16	0	0	0	6	8	64	2	16	2	119.85	0.23468	18.069	0.7921	6.0665	0.79027	7.1775
571	2	2048	12	8	64	64	16	0	0	0	12	8	64	1	16	0	149.35	0.23468	18.069	0.91721	4.6714	0.91298	7.8469
572	2	2048	12	8	64	64	16	0	0	0	12	8	64	1	16	1	155.17	0.23468	18.069	0.99619	4.5878	0.99159	7.5252
573	2	2048	12	8	64	64	16	0	0	0	12	8	64	1	16	2	160.99	0.23468	18.069	0.99987	4.858	0.99526	7.7979
574	2	2048	12	8	64	64	16	0	0	0	12	8	64	2	16	0	151.35	0.23468	18.069	0.99207	4.3635	0.98749	7.3584
575	2	2048	12	8	64	64	16	0	0	0	12	8	64	2	16	1	157.25	0.23468	18.069	0.99997	4.6187	0.99535	7.6039
576	2	2048	12	8	64	64	16	0	0	0	12	8	64	2	16	2	163.14	0.23468	18.069	1	4.9095	0.99539	7.9083
581	2	2048	12	16	64	16	16	0	0	0	0	0	0	0	0	0	110.22	0.45376	6.918	0	0	0	0	68.204
582	2	2048	12	16	64	16	16	0	0	0	12	8	64	1	16	2	135.71	0.45376	6.918	0.99999	3.6207	0.99538	6.5005
583	2	2048	12	16	64	16	16	0	0	0	12	8	64	2	16	2	139.1	0.45376	6.918	1	3.7317	0.99539	6.6731
584	2	2048	12	16	64	32	16	0	0	0	0	0	0	0	0	0	111.31	0.36421	9.7814	0	0	0	0	76.994
585	2	2048	12	16	64	32	16	0	0	0	12	8	64	1	16	0	135.77	0.36421	9.7814	0.95529	3.7929	0.95088	6.8076
586	2	2048	12	16	64	32	16	0	0	0	12	8	64	1	16	1	140.45	0.36421	9.7814	0.9989	3.8549	0.99429	6.7495
587	2	2048	12	16	64	32	16	0	0	0	12	8	64	1	16	2	145.14	0.36421	9.7814	0.99998	4.0791	0.99537	6.9817
588	2	2048	12	16	64	32	16	0	0	0	12	8	64	2	16	0	138.12	0.36421	9.7814	0.99418	3.7057	0.9896	6.6619
589	2	2048	12	16	64	32	16	0	0	0	12	8	64	2	16	1	142.92	0.36421	9.7814	0.99998	3.917	0.99537	6.8678
590	2	2048	12	16	64	32	16	0	0	0	12	8	64	2	16	2	147.71	0.36421	9.7814	1	4.1506	0.99539	7.113
594	2	2048	12	16	64	64	16	0	0	0	0	0	0	0	0	0	112.01	0.23468	18.831	0	0	0	0	94.575
595	2	2048	12	16	64	64	16	0	0	0	6	8	64	2	16	0	112.01	0.23468	18.831	0.23468	18.831	0.23413	22.554
596	2	2048	12	16	64	64	16	0	0	0	6	8	64	2	16	1	118.06	0.23468	18.831	0.55511	8.4968	0.55383	10.08
597	2	2048	12	16	64	64	16	0	0	0	6	8	64	2	16	2	124.1	0.23468	18.831	0.7921	6.3321	0.79027	7.4472
598	2	2048	12	16	64	64	16	0	0	0	12	8	64	1	16	0	152.99	0.23468	18.831	0.91721	4.8663	0.91298	8.0511
599	2	2048	12	16	64	64	16	0	0	0	12	8	64	1	16	1	159.12	0.23468	18.831	0.99619	4.7832	0.99159	7.7297
600	2	2048	12	16	64	64	16	0	0	0	12	8	64	1	16	2	165.24	0.23468	18.831	0.99987	5.0686	0.99526	8.0182
601	2	2048	12	16	64	64	16	0	0	0	12	8	64	2	16	0	155	0.23468	18.831	0.99207	4.5439	0.98749	7.5475
602	2	2048	12	16	64	64	16	0	0	0	12	8	64	2	16	1	161.19	0.23468	18.831	0.99997	4.8134	0.99535	7.8079
603	2	2048	12	16	64	64	16	0	0	0	12	8	64	2	16	2	167.39	0.23468	18.831	1	5.1202	0.99539	8.1289
614	2	2048	12	32	64	2	16	0	0	0	0	0	0	0	0	0	110.3	0.55075	5.6647	0	0	0	0	67.802
615	2	2048	12	32	64	2	16	0	0	0	12	8	64	2	16	2	161.76	0.55075	5.6647	1	4.841	0.99539	7.8366
616	2	2048	12	32	64	4	16	0	0	0	0	0	0	0	0	0	111.04	0.53538	5.9257	0	0	0	0	68.901
617	2	2048	12	32	64	4	16	0	0	0	12	8	64	1	16	2	141.48	0.53538	5.9257	1	3.9005	0.99538	6.7944
618	2	2048	12	32	64	4	16	0	0	0	12	8	64	2	16	2	149.83	0.53538	5.9257	1	4.2542	0.99539	7.2217
619	2	2048	12	32	64	8	16	0	0	0	0	0	0	0	0	0	113.6	0.50656	6.4714	0	0	0	0	71.099
620	2	2048	12	32	64	8	16	0	0	0	12	8	64	1	16	2	140.74	0.50656	6.4714	1	3.8646	0.99538	6.7567
621	2	2048	12	32	64	8	16	0	0	0	12	8	64	2	16	1	141.13	0.50656	6.4714	0.99999	3.8301	0.99537	6.7765
622	2	2048	12	32	64	8	16	0	0	0	12	8	64	2	16	2	145.78	0.50656	6.4714	1	4.0567	0.99539	7.0144
623	2	2048	12	32	64	16	16	0	0	0	0	0	0	0	0	0	114.27	0.45376	7.6912	0	0	0	0	75.494
624	2	2048	12	32	64	16	16	0	0	0	12	8	64	1	16	1	139.6	0.45376	7.6912	0.9995	3.8109	0.99489	6.7016
625	2	2048	12	32	64	16	16	0	0	0	12	8	64	1	16	2	144.22	0.45376	7.6912	0.99999	4.0339	0.99538	6.9343
626	2	2048	12	32	64	16	16	0	0	0	12	8	64	2	16	0	138.04	0.45376	7.6912	0.99475	3.6995	0.99016	6.6538
627	2	2048	12	32	64	16	16	0	0	0	12	8	64	2	16	1	142.82	0.45376	7.6912	0.99999	3.9125	0.99537	6.8631
628	2	2048	12	32	64	16	16	0	0	0	12	8	64	2	16	2	147.61	0.45376	7.6912	1	4.1458	0.99539	7.1079
630	2	2048	12	32	64	32	16	0	0	0	0	0	0	0	0	0	112.1	0.36421	10.752	0	0	0	0	84.284
631	2	2048	12	32	64	32	16	0	0	0	6	8	64	2	16	2	112.1	0.36421	10.752	0.90213	4.9034	0.90005	5.8721
632	2	2048	12	32	64	32	16	0	0	0	12	8	64	1	16	0	143.06	0.36421	10.752	0.95529	4.1635	0.95088	7.1967
633	2	2048	12	32	64	32	16	0	0	0	12	8	64	1	16	1	148.35	0.36421	10.752	0.9989	4.2405	0.99429	7.1539
634	2	2048	12	32	64	32	16	0	0	0	12	8	64	1	16	2	153.65	0.36421	10.752	0.99998	4.4956	0.99537	7.4183
635	2	2048	12	32	64	32	16	0	0	0	12	8	64	2	16	0	145.41	0.36421	10.752	0.99418	4.0622	0.9896	7.0364
636	2	2048	12	32	64	32	16	0	0	0	12	8	64	2	16	1	150.81	0.36421	10.752	0.99998	4.3026	0.99537	7.2725
637	2	2048	12	32	64	32	16	0	0	0	12	8	64	2	16	2	156.21	0.36421	10.752	1	4.5676	0.99539	7.5503
641	2	2048	12	32	64	64	16	0	0	0	0	0	0	0	0	0	119.3	0.23468	20.36	0	0	0	0	101.87
642	2	2048	12	32	64	64	16	0	0	0	6	8	64	2	16	0	119.3	0.23468	20.36	0.23468	20.36	0.23413	24.108
643	2	2048	12	32	64	64	16	0	0	0	6	8	64	2	16	1	125.95	0.23468	20.36	0.55511	9.2007	0.55383	10.794
644	2	2048	12	32	64	64	16	0	0	0	6	8	64	2	16	2	132.61	0.23468	20.36	0.7921	6.8659	0.79027	7.9892
645	2	2048	12	32	64	64	16	0	0	0	12	8	64	1	16	0	160.28	0.23468	20.36	0.91721	5.2579	0.91298	8.461
646	2	2048	12	32	64	64	16	0	0	0	12	8	64	1	16	1	167.01	0.23468	20.36	0.99619	5.1757	0.99159	8.1403
647	2	2048	12	32	64	64	16	0	0	0	12	8	64	1	16	2	173.75	0.23468	20.36	0.99987	5.4918	0.99526	8.4605
648	2	2048	12	32	64	64	16	0	0	0	12	8	64	2	16	0	162.29	0.23468	20.36	0.99207	4.9061	0.98749	7.927
649	2	2048	12	32	64	64	16	0	0	0	12	8	64	2	16	1	169.09	0.23468	20.36	0.99997	5.2048	0.99535	8.2175
650	2	2048	12	32	64	64	16	0	0	0	12	8	64	2	16	2	175.9	0.23468	20.36	1	5.5437	0.99539	8.5718
689	2	2048	12	64	32	16	16	0	0	0	0	0	0	0	0	0	111.2	0.6021	6.0578	0	0	0	0	78.75
690	2	2048	12	64	32	16	16	0	0	0	12	8	32	1	16	2	124.54	0.6021	6.0578	1	4.179	0.99539	5.9346
691	2	2048	12	64	32	16	16	0	0	0	12	8	32	2	16	2	127.11	0.6021	6.0578	1	4.2508	0.99539	6.0642
692	2	2048	12	64	32	32	16	0	0	0	0	0	0	0	0	0	110.24	0.48332	8.4309	0	0	0	0	87.54
693	2	2048	12	64	32	32	16	0	0	0	6	8	32	2	16	2	110.24	0.48332	8.4309	0.9546	4.8295	0.95239	5.4521
694	2	2048	12	64	32	32	16	0	0	0	12	8	32	1	16	0	123.31	0.48332	8.4309	0.97416	4.2281	0.96967	6.0283
695	2	2048	12	64	32	32	16	0	0	0	12	8	32	1	16	1	128.85	0.48332	8.4309	0.99964	4.3915	0.99502	6.1545
696	2	2048	12	64	32	32	16	0	0	0	12	8	32	1	16	2	134.38	0.48332	8.4309	1	4.6622	0.99538	6.433
697	2	2048	12	64	32	32	16	0	0	0	12	8	32	2	16	0	125.31	0.48332	8.4309	0.99493	4.1842	0.99034	6.004
698	2	2048	12	64	32	32	16	0	0	0	12	8	32	2	16	1	130.92	0.48332	8.4309	0.99999	4.438	0.99537	6.2575
699	2	2048	12	64	32	32	16	0	0	0	12	8	32	2	16	2	136.54	0.48332	8.4309	1	4.7141	0.99539	6.5424
712	2	2048	12	64	64	1	16	0	0	0	0	0	0	0	0	0	116.15	0.55929	6.7889	0	0	0	0	81.833
713	2	2048	12	64	64	1	16	0	0	0	12	8	64	1	16	0	162.55	0.55929	6.7889	0.96942	5.09	0.96495	8.126
714	2	2048	12	64	64	1	16	0	0	0	12	8	64	1	16	1	169.47	0.55929	6.7889	0.99949	5.2805	0.99488	8.2408
715	2	2048	12	64	64	1	16	0	0	0	12	8	64	1	16	2	176.38	0.55929	6.7889	0.99999	5.623	0.99538	8.5972
716	2	2048	12	64	64	1	16	0	0	0	12	8	64	2	16	0	186.84	0.55929	6.7889	0.99415	6.1285	0.98957	9.1989
717	2	2048	12	64	64	1	16	0	0	0	12	8	64	2	16	1	195.69	0.55929	6.7889	0.99998	6.5399	0.99537	9.6119
718	2	2048	12	64	64	1	16	0	0	0	12	8	64	2	16	2	204.55	0.55929	6.7889	1	6.9897	0.99539	10.081
719	2	2048	12	64	64	2	16	0	0	0	0	0	0	0	0	0	116.7	0.55075	6.9426	0	0	0	0	82.382
720	2	2048	12	64	64	2	16	0	0	0	12	8	64	1	16	0	151.77	0.55075	6.9426	0.97467	4.5178	0.97017	7.5119
721	2	2048	12	64	64	2	16	0	0	0	12	8	64	1	16	1	157.79	0.55075	6.9426	0.99965	4.7012	0.99504	7.6345
722	2	2048	12	64	64	2	16	0	0	0	12	8	64	1	16	2	163.81	0.55075	6.9426	1	4.9972	0.99538	7.9432
723	2	2048	12	64	64	2	16	0	0	0	12	8	64	2	16	0	164.74	0.55075	6.9426	0.99471	5.0154	0.99012	8.0339
724	2	2048	12	64	64	2	16	0	0	0	12	8	64	2	16	1	171.75	0.55075	6.9426	0.99998	5.3371	0.99537	8.3558
725	2	2048	12	64	64	2	16	0	0	0	12	8	64	2	16	2	178.77	0.55075	6.9426	1	5.6871	0.99539	8.7216
727	2	2048	12	64	64	4	16	0	0	0	0	0	0	0	0	0	111.16	0.53538	7.2416	0	0	0	0	83.481
728	2	2048	12	64	64	4	16	0	0	0	6	8	64	2	16	2	111.16	0.53538	7.2416	0.9688	4.5185	0.96656	5.4198
729	2	2048	12	64	64	4	16	0	0	0	12	8	64	1	16	0	147.21	0.53538	7.2416	0.97637	4.281	0.97187	7.2589
730	2	2048	12	64	64	4	16	0	0	0	12	8	64	1	16	1	152.85	0.53538	7.2416	0.9997	4.4577	0.99508	7.3793
731	2	2048	12	64	64	4	16	0	0	0	12	8	64	1	16	2	158.49	0.53538	7.2416	1	4.734	0.99538	7.6678
732	2	2048	12	64	64	4	16	0	0	0	12	8	64	2	16	0	154.52	0.53538	7.2416	0.9949	4.5073	0.9903	7.5013
733	2	2048	12	64	64	4	16	0	0	0	12	8	64	2	16	1	160.68	0.53538	7.2416	0.99999	4.7878	0.99537	7.7809
734	2	2048	12	64	64	4	16	0	0	0	12	8	64	2	16	2	166.84	0.53538	7.2416	1	5.0925	0.99539	8.0999
736	2	2048	12	64	64	8	16	0	0	0	0	0	0	0	0	0	113.73	0.50656	7.8649	0	0	0	0	85.679
737	2	2048	12	64	64	8	16	0	0	0	6	8	64	2	16	2	113.73	0.50656	7.8649	0.96145	4.6839	0.95923	5.5942
738	2	2048	12	64	64	8	16	0	0	0	12	8	64	1	16	0	146.57	0.50656	7.8649	0.97512	4.2548	0.97062	7.235
739	2	2048	12	64	64	8	16	0	0	0	12	8	64	1	16	1	152.16	0.50656	7.8649	0.99966	4.4241	0.99505	7.3443
740	2	2048	12	64	64	8	16	0	0	0	12	8	64	1	16	2	157.75	0.50656	7.8649	1	4.6976	0.99538	7.6297
741	2	2048	12	64	64	8	16	0	0	0	12	8	64	2	16	0	151.05	0.50656	7.8649	0.99491	4.3364	0.99032	7.322
742	2	2048	12	64	64	8	16	0	0	0	12	8	64	2	16	1	156.92	0.50656	7.8649	0.99999	4.6027	0.99537	7.5871
743	2	2048	12	64	64	8	16	0	0	0	12	8	64	2	16	2	162.79	0.50656	7.8649	1	4.8923	0.99539	7.8904
746	2	2048	12	64	64	16	16	0	0	0	0	0	0	0	0	0	113.18	0.45376	9.2528	0	0	0	0	90.074
747	2	2048	12	64	64	16	16	0	0	0	6	8	64	2	16	1	113.18	0.45376	9.2528	0.80076	5.5904	0.79891	6.6829
748	2	2048	12	64	64	16	16	0	0	0	6	8	64	2	16	2	118.85	0.45376	9.2528	0.9445	5.0354	0.94232	5.9663
749	2	2048	12	64	64	16	16	0	0	0	12	8	64	1	16	0	149.55	0.45376	9.2528	0.96969	4.4289	0.96522	7.433
750	2	2048	12	64	64	16	16	0	0	0	12	8	64	1	16	1	155.39	0.45376	9.2528	0.9995	4.5836	0.99489	7.5117
751	2	2048	12	64	64	16	16	0	0	0	12	8	64	1	16	2	161.23	0.45376	9.2528	0.99999	4.8692	0.99538	7.8093
752	2	2048	12	64	64	16	16	0	0	0	12	8	64	2	16	0	152.62	0.45376	9.2528	0.99475	4.4142	0.99016	7.404
753	2	2048	12	64	64	16	16	0	0	0	12	8	64	2	16	1	158.62	0.45376	9.2528	0.99999	4.6862	0.99537	7.6746
754	2	2048	12	64	64	16	16	0	0	0	12	8	64	2	16	2	164.62	0.45376	9.2528	1	4.9826	0.99539	7.9849
758	2	2048	12	64	64	32	16	0	0	0	0	0	0	0	0	0	116.3	0.36421	12.712	0	0	0	0	98.864
759	2	2048	12	64	64	32	16	0	0	0	6	8	64	2	16	0	116.3	0.36421	12.712	0.36421	12.712	0.36337	15.121
760	2	2048	12	64	64	32	16	0	0	0	6	8	64	2	16	1	122.7	0.36421	12.712	0.71701	6.8984	0.71536	8.1288
761	2	2048	12	64	64	32	16	0	0	0	6	8	64	2	16	2	129.11	0.36421	12.712	0.90213	5.8352	0.90005	6.8185
762	2	2048	12	64	64	32	16	0	0	0	12	8	64	1	16	0	157.64	0.36421	12.712	0.95529	4.9115	0.95088	7.9806
763	2	2048	12	64	64	32	16	0	0	0	12	8	64	1	16	1	164.15	0.36421	12.712	0.9989	5.0192	0.99429	7.9692
764	2	2048	12	64	64	32	16	0	0	0	12	8	64	1	16	2	170.66	0.36421	12.712	0.99998	5.3372	0.99537	8.2987
765	2	2048	12	64	64	32	16	0	0	0	12	8	64	2	16	0	159.99	0.36421	12.712	0.99418	4.7817	0.9896	7.7908
766	2	2048	12	64	64	32	16	0	0	0	12	8	64	2	16	1	166.61	0.36421	12.712	0.99998	5.0813	0.99537	8.0883
767	2	2048	12	64	64	32	16	0	0	0	12	8	64	2	16	2	173.22	0.36421	12.712	1	5.4102	0.99539	8.4322
771	2	2048	12	64	64	64	16	0	0	0	0	0	0	0	0	0	133.88	0.23468	23.444	0	0	0	0	116.45
772	2	2048	12	64	64	64	16	0	0	0	6	8	64	2	16	0	133.88	0.23468	23.444	0.23468	23.444	0.23413	27.24
773	2	2048	12	64	64	64	16	0	0	0	6	8	64	2	16	1	141.75	0.23468	23.444	0.55511	10.621	0.55383	12.236
774	2	2048	12	64	64	64	16	0	0	0	6	8	64	2	16	2	149.62	0.23468	23.444	0.7921	7.9437	0.79027	9.0828
775	2	2048	12	64	64	64	16	0	0	0	12	8	64	1	16	0	174.86	0.23468	23.444	0.91721	6.0477	0.91298	9.2867
776	2	2048	12	64	64	64	16	0	0	0	12	8	64	1	16	1	182.81	0.23468	23.444	0.99619	5.9678	0.99159	8.9676
777	2	2048	12	64	64	64	16	0	0	0	12	8	64	1	16	2	190.76	0.23468	23.444	0.99987	6.3463	0.99526	9.3523
778	2	2048	12	64	64	64	16	0	0	0	12	8	64	2	16	0	176.87	0.23468	23.444	0.99207	5.6368	0.98749	8.6913
779	2	2048	12	64	64	64	16	0	0	0	12	8	64	2	16	1	184.89	0.23468	23.444	0.99997	5.9945	0.99535	9.0428
780	2	2048	12	64	64	64	16	0	0	0	12	8	64	2	16	2	192.91	0.23468	23.444	1	6.3987	0.99539	9.4646
795	2	2048	16	8	32	32	16	0	0	0	0	0	0	0	0	0	112.7	0.37929	9.185	0	0	0	0	75.367
796	2	2048	16	8	32	32	16	0	0	0	16	8	32	1	16	2	129.88	0.37929	9.185	0.99999	3.8728	0.99384	6.2142
797	2	2048	16	8	32	32	16	0	0	0	16	8	32	2	16	1	129.22	0.37929	9.185	0.99998	3.7693	0.99383	6.1806
798	2	2048	16	8	32	32	16	0	0	0	16	8	32	2	16	2	132.7	0.37929	9.185	1	3.9387	0.99385	6.3574
811	2	2048	16	8	64	1	16	0	0	0	0	0	0	0	0	0	113.51	0.4608	6.7657	0	0	0	0	67.757
812	2	2048	16	8	64	1	16	0	0	0	16	8	64	1	16	0	175.37	0.4608	6.7657	0.95944	4.8166	0.95354	8.9194
813	2	2048	16	8	64	1	16	0	0	0	16	8	64	1	16	1	180.17	0.4608	6.7657	0.99911	4.862	0.99297	8.8164
814	2	2048	16	8	64	1	16	0	0	0	16	8	64	1	16	2	184.96	0.4608	6.7657	0.99999	5.0952	0.99384	9.0604
815	2	2048	16	8	64	1	16	0	0	0	16	8	64	2	16	0	207.77	0.4608	6.7657	0.99221	6.211	0.98611	10.349
816	2	2048	16	8	64	1	16	0	0	0	16	8	64	2	16	1	214.5	0.4608	6.7657	0.99997	6.5027	0.99382	10.628
817	2	2048	16	8	64	1	16	0	0	0	16	8	64	2	16	2	221.22	0.4608	6.7657	1	6.8439	0.99385	10.988
818	2	2048	16	8	64	2	16	0	0	0	0	0	0	0	0	0	114.25	0.45145	6.9837	0	0	0	0	68.49
819	2	2048	16	8	64	2	16	0	0	0	16	8	64	1	16	0	161.01	0.45145	6.9837	0.96637	4.0542	0.96043	8.0818
820	2	2048	16	8	64	2	16	0	0	0	16	8	64	1	16	1	164.9	0.45145	6.9837	0.99939	4.1102	0.99325	8.0169
821	2	2048	16	8	64	2	16	0	0	0	16	8	64	1	16	2	168.8	0.45145	6.9837	0.99999	4.2983	0.99384	8.2146
822	2	2048	16	8	64	2	16	0	0	0	16	8	64	2	16	0	178.3	0.45145	6.9837	0.99295	4.7268	0.98685	8.7728
823	2	2048	16	8	64	2	16	0	0	0	16	8	64	2	16	1	183.19	0.45145	6.9837	0.99997	4.9349	0.99383	8.9674
824	2	2048	16	8	64	2	16	0	0	0	16	8	64	2	16	2	188.07	0.45145	6.9837	1	5.1769	0.99385	9.2241
825	2	2048	16	8	64	4	16	0	0	0	0	0	0	0	0	0	115.71	0.43473	7.4141	0	0	0	0	69.955
826	2	2048	16	8	64	4	16	0	0	0	16	8	64	1	16	0	154.92	0.43473	7.4141	0.96862	3.7399	0.96267	7.7382
827	2	2048	16	8	64	4	16	0	0	0	16	8	64	1	16	1	158.44	0.43473	7.4141	0.99947	3.795	0.99333	7.6811
828	2	2048	16	8	64	4	16	0	0	0	16	8	64	1	16	2	161.95	0.43473	7.4141	0.99999	3.9639	0.99385	7.859
829	2	2048	16	8	64	4	16	0	0	0	16	8	64	2	16	0	164.67	0.43473	7.4141	0.9932	4.0525	0.98709	8.0547
830	2	2048	16	8	64	4	16	0	0	0	16	8	64	2	16	1	168.7	0.43473	7.4141	0.99998	4.222	0.99383	8.2098
831	2	2048	16	8	64	4	16	0	0	0	16	8	64	2	16	2	172.74	0.43473	7.4141	1	4.4195	0.99385	8.4198
832	2	2048	16	8	64	8	16	0	0	0	0	0	0	0	0	0	118.64	0.4038	8.331	0	0	0	0	72.885
833	2	2048	16	8	64	8	16	0	0	0	16	8	64	1	16	0	154.08	0.4038	8.331	0.96696	3.7041	0.96102	7.7065
834	2	2048	16	8	64	8	16	0	0	0	16	8	64	1	16	1	157.54	0.4038	8.331	0.99941	3.7516	0.99327	7.6351
835	2	2048	16	8	64	8	16	0	0	0	16	8	64	1	16	2	161	0.4038	8.331	0.99999	3.9177	0.99385	7.8098
836	2	2048	16	8	64	8	16	0	0	0	16	8	64	2	16	0	160.05	0.4038	8.331	0.99322	3.8261	0.98711	7.8134
837	2	2048	16	8	64	8	16	0	0	0	16	8	64	2	16	1	163.8	0.4038	8.331	0.99998	3.9824	0.99383	7.9547
838	2	2048	16	8	64	8	16	0	0	0	16	8	64	2	16	2	167.54	0.4038	8.331	1	4.1649	0.99385	8.149
839	2	2048	16	8	64	16	16	0	0	0	0	0	0	0	0	0	124.5	0.34868	10.46	0	0	0	0	78.745
840	2	2048	16	8	64	16	16	0	0	0	16	8	64	1	16	0	158.05	0.34868	10.46	0.9598	3.9323	0.9539	7.9777
841	2	2048	16	8	64	16	16	0	0	0	16	8	64	1	16	1	161.76	0.34868	10.46	0.99913	3.958	0.99299	7.8559
842	2	2048	16	8	64	16	16	0	0	0	16	8	64	1	16	2	165.47	0.34868	10.46	0.99999	4.1356	0.99384	8.0417
843	2	2048	16	8	64	16	16	0	0	0	16	8	64	2	16	0	162.14	0.34868	10.46	0.99301	3.929	0.9869	7.9239
844	2	2048	16	8	64	16	16	0	0	0	16	8	64	2	16	1	166.01	0.34868	10.46	0.99997	4.0904	0.99383	8.0698
845	2	2048	16	8	64	16	16	0	0	0	16	8	64	2	16	2	169.89	0.34868	10.46	1	4.2797	0.99385	8.2712
849	2	2048	16	8	64	32	16	0	0	0	0	0	0	0	0	0	113.71	0.2601	16.216	0	0	0	0	90.466
850	2	2048	16	8	64	32	16	0	0	0	8	8	64	2	16	0	113.71	0.2601	16.216	0.2601	16.216	0.25929	20.692
851	2	2048	16	8	64	32	16	0	0	0	8	8	64	2	16	1	117.99	0.2601	16.216	0.59603	7.4281	0.5942	9.3891
852	2	2048	16	8	64	32	16	0	0	0	8	8	64	2	16	2	122.27	0.2601	16.216	0.82654	5.6112	0.82399	7.0307
853	2	2048	16	8	64	32	16	0	0	0	16	8	64	1	16	0	168.83	0.2601	16.216	0.94083	4.5702	0.93505	8.7329
854	2	2048	16	8	64	32	16	0	0	0	16	8	64	1	16	1	173.21	0.2601	16.216	0.9981	4.5235	0.99197	8.4608
855	2	2048	16	8	64	32	16	0	0	0	16	8	64	1	16	2	177.6	0.2601	16.216	0.99996	4.731	0.99381	8.6743
856	2	2048	16	8	64	32	16	0	0	0	16	8	64	2	16	0	171.97	0.2601	16.216	0.99225	4.4161	0.98615	8.4453
857	2	2048	16	8	64	32	16	0	0	0	16	8	64	2	16	1	176.46	0.2601	16.216	0.99997	4.6027	0.99382	8.6146
858	2	2048	16	8	64	32	16	0	0	0	16	8	64	2	16	2	180.95	0.2601	16.216	1	4.8239	0.99385	8.8495
862	2	2048	16	8	64	64	16	0	0	0	0	0	0	0	0	0	137.15	0.14475	37.134	0	0	0	0	113.91
863	2	2048	16	8	64	64	16	0	0	0	8	8	64	2	16	0	137.15	0.14475	37.134	0.14475	37.134	0.14431	45.344
864	2	2048	16	8	64	64	16	0	0	0	8	8	64	2	16	1	142.9	0.14475	37.134	0.40828	13.868	0.40703	16.793
865	2	2048	16	8	64	64	16	0	0	0	8	8	64	2	16	2	148.64	0.14475	37.134	0.66316	8.9724	0.66112	10.781
866	2	2048	16	8	64	64	16	0	0	0	16	8	64	1	16	0	191.8	0.14475	37.134	0.89116	6.0991	0.88568	10.571
867	2	2048	16	8	64	64	16	0	0	0	16	8	64	1	16	1	197.62	0.14475	37.134	0.99348	5.7637	0.98737	9.7923
868	2	2048	16	8	64	64	16	0	0	0	16	8	64	2	16	0	194.47	0.14475	37.134	0.98944	5.554	0.98336	9.6637
869	2	2048	16	8	64	64	16	0	0	0	16	8	64	2	16	1	200.36	0.14475	37.134	0.99994	5.7906	0.99379	9.8746
898	2	2048	16	16	32	32	16	0	0	0	0	0	0	0	0	0	110.89	0.37929	9.8051	0	0	0	0	80.227
899	2	2048	16	16	32	32	16	0	0	0	16	8	32	1	16	0	127.92	0.37929	9.8051	0.9657	3.9116	0.95976	6.3319
900	2	2048	16	16	32	32	16	0	0	0	16	8	32	1	16	1	131.64	0.37929	9.8051	0.99937	3.9605	0.99322	6.3071
901	2	2048	16	16	32	32	16	0	0	0	16	8	32	1	16	2	135.35	0.37929	9.8051	0.99999	4.1393	0.99384	6.4921
902	2	2048	16	16	32	32	16	0	0	0	16	8	32	2	16	0	130.59	0.37929	9.8051	0.99325	3.862	0.98714	6.2926
903	2	2048	16	16	32	32	16	0	0	0	16	8	32	2	16	1	134.38	0.37929	9.8051	0.99998	4.0205	0.99383	6.4428
904	2	2048	16	16	32	32	16	0	0	0	16	8	32	2	16	2	138.17	0.37929	9.8051	1	4.2054	0.99385	6.6358
917	2	2048	16	16	64	1	16	0	0	0	0	0	0	0	0	0	118.37	0.4608	7.2726	0	0	0	0	72.617
918	2	2048	16	16	64	1	16	0	0	0	16	8	64	1	16	0	180.23	0.4608	7.2726	0.95944	5.0665	0.95354	9.1846
919	2	2048	16	16	64	1	16	0	0	0	16	8	64	1	16	1	185.33	0.4608	7.2726	0.99911	5.118	0.99297	9.0878
920	2	2048	16	16	64	1	16	0	0	0	16	8	64	1	16	2	190.43	0.4608	7.2726	0.99999	5.367	0.99384	9.3484
921	2	2048	16	16	64	1	16	0	0	0	16	8	64	2	16	0	212.63	0.4608	7.2726	0.99221	6.4583	0.98611	10.61
922	2	2048	16	16	64	1	16	0	0	0	16	8	64	2	16	1	219.66	0.4608	7.2726	0.99997	6.7646	0.99382	10.904
923	2	2048	16	16	64	1	16	0	0	0	16	8	64	2	16	2	226.69	0.4608	7.2726	1	7.1225	0.99385	11.282
924	2	2048	16	16	64	2	16	0	0	0	0	0	0	0	0	0	119.11	0.45145	7.5014	0	0	0	0	73.35
925	2	2048	16	16	64	2	16	0	0	0	16	8	64	1	16	0	165.87	0.45145	7.5014	0.96637	4.2995	0.96043	8.3427
926	2	2048	16	16	64	2	16	0	0	0	16	8	64	1	16	1	170.07	0.45145	7.5014	0.99939	4.3631	0.99325	8.2857
927	2	2048	16	16	64	2	16	0	0	0	16	8	64	1	16	2	174.27	0.45145	7.5014	0.99999	4.5667	0.99384	8.4998
928	2	2048	16	16	64	2	16	0	0	0	16	8	64	2	16	0	183.16	0.45145	7.5014	0.99295	4.9685	0.98685	9.0295
929	2	2048	16	16	64	2	16	0	0	0	16	8	64	2	16	1	188.35	0.45145	7.5014	0.99997	5.1909	0.99383	9.2391
930	2	2048	16	16	64	2	16	0	0	0	16	8	64	2	16	2	193.54	0.45145	7.5014	1	5.4491	0.99385	9.5127
931	2	2048	16	16	64	4	16	0	0	0	0	0	0	0	0	0	120.57	0.43473	7.9524	0	0	0	0	74.815
932	2	2048	16	16	64	4	16	0	0	0	16	8	64	1	16	0	159.78	0.43473	7.9524	0.96862	3.9833	0.96267	7.9975
933	2	2048	16	16	64	4	16	0	0	0	16	8	64	1	16	1	163.6	0.43473	7.9524	0.99947	4.0464	0.99333	7.9487
934	2	2048	16	16	64	4	16	0	0	0	16	8	64	1	16	2	167.42	0.43473	7.9524	0.99999	4.2308	0.99385	8.1429
935	2	2048	16	16	64	4	16	0	0	0	16	8	64	2	16	0	169.53	0.43473	7.9524	0.9932	4.2916	0.98709	8.3092
936	2	2048	16	16	64	4	16	0	0	0	16	8	64	2	16	1	173.87	0.43473	7.9524	0.99998	4.4751	0.99383	8.4791
937	2	2048	16	16	64	4	16	0	0	0	16	8	64	2	16	2	178.2	0.43473	7.9524	1	4.6884	0.99385	8.7056
938	2	2048	16	16	64	8	16	0	0	0	0	0	0	0	0	0	123.5	0.4038	8.9121	0	0	0	0	77.745
939	2	2048	16	16	64	8	16	0	0	0	16	8	64	1	16	0	158.94	0.4038	8.9121	0.96696	3.9477	0.96102	7.9661
940	2	2048	16	16	64	8	16	0	0	0	16	8	64	1	16	1	162.71	0.4038	8.9121	0.99941	4.0029	0.99327	7.9026
941	2	2048	16	16	64	8	16	0	0	0	16	8	64	1	16	2	166.47	0.4038	8.9121	0.99999	4.1844	0.99385	8.0935
942	2	2048	16	16	64	8	16	0	0	0	16	8	64	2	16	0	164.91	0.4038	8.9121	0.99322	4.0642	0.98711	8.0672
943	2	2048	16	16	64	8	16	0	0	0	16	8	64	2	16	1	168.96	0.4038	8.9121	0.99998	4.2345	0.99383	8.2231
944	2	2048	16	16	64	8	16	0	0	0	16	8	64	2	16	2	173.01	0.4038	8.9121	1	4.4328	0.99385	8.4339
947	2	2048	16	16	64	16	16	0	0	0	0	0	0	0	0	0	110.7	0.34868	11.136	0	0	0	0	83.605
948	2	2048	16	16	64	16	16	0	0	0	8	8	64	2	16	1	110.7	0.34868	11.136	0.70422	5.7804	0.70205	7.4292
949	2	2048	16	16	64	16	16	0	0	0	8	8	64	2	16	2	114.55	0.34868	11.136	0.89681	4.7489	0.89405	6.0481
950	2	2048	16	16	64	16	16	0	0	0	16	8	64	1	16	0	162.91	0.34868	11.136	0.9598	4.1786	0.9539	8.24
951	2	2048	16	16	64	16	16	0	0	0	16	8	64	1	16	1	166.93	0.34868	11.136	0.99913	4.2103	0.99299	8.1242
952	2	2048	16	16	64	16	16	0	0	0	16	8	64	1	16	2	170.94	0.34868	11.136	0.99999	4.4033	0.99384	8.3263
953	2	2048	16	16	64	16	16	0	0	0	16	8	64	2	16	0	167	0.34868	11.136	0.99301	4.1676	0.9869	8.178
954	2	2048	16	16	64	16	16	0	0	0	16	8	64	2	16	1	171.18	0.34868	11.136	0.99997	4.343	0.99383	8.3386
955	2	2048	16	16	64	16	16	0	0	0	16	8	64	2	16	2	175.35	0.34868	11.136	1	4.5481	0.99385	8.5565
959	2	2048	16	16	64	32	16	0	0	0	0	0	0	0	0	0	118.57	0.2601	17.132	0	0	0	0	95.326
960	2	2048	16	16	64	32	16	0	0	0	8	8	64	2	16	0	118.57	0.2601	17.132	0.2601	17.132	0.25929	21.628
961	2	2048	16	16	64	32	16	0	0	0	8	8	64	2	16	1	123.15	0.2601	17.132	0.59603	7.8543	0.5942	9.8243
962	2	2048	16	16	64	32	16	0	0	0	8	8	64	2	16	2	127.74	0.2601	17.132	0.82654	5.9377	0.82399	7.364
963	2	2048	16	16	64	32	16	0	0	0	16	8	64	1	16	0	173.69	0.2601	17.132	0.94083	4.8237	0.93505	9.0022
964	2	2048	16	16	64	32	16	0	0	0	16	8	64	1	16	1	178.38	0.2601	17.132	0.9981	4.7783	0.99197	8.7313
965	2	2048	16	16	64	32	16	0	0	0	16	8	64	1	16	2	183.06	0.2601	17.132	0.99996	5.0013	0.99381	8.961
966	2	2048	16	16	64	32	16	0	0	0	16	8	64	2	16	0	176.83	0.2601	17.132	0.99225	4.6569	0.98615	8.7012
967	2	2048	16	16	64	32	16	0	0	0	16	8	64	2	16	1	181.62	0.2601	17.132	0.99997	4.8574	0.99382	8.8852
968	2	2048	16	16	64	32	16	0	0	0	16	8	64	2	16	2	186.42	0.2601	17.132	1	5.0946	0.99385	9.1368
972	2	2048	16	16	64	64	16	0	0	0	0	0	0	0	0	0	142.01	0.14475	38.81	0	0	0	0	118.77
973	2	2048	16	16	64	64	16	0	0	0	8	8	64	2	16	0	142.01	0.14475	38.81	0.14475	38.81	0.14431	47.053
974	2	2048	16	16	64	64	16	0	0	0	8	8	64	2	16	1	148.06	0.14475	38.81	0.40828	14.502	0.40703	17.439
975	2	2048	16	16	64	64	16	0	0	0	8	8	64	2	16	2	154.11	0.14475	38.81	0.66316	9.3875	0.66112	11.204
976	2	2048	16	16	64	64	16	0	0	0	16	8	64	1	16	0	196.66	0.14475	38.81	0.89116	6.3716	0.88568	10.86
977	2	2048	16	16	64	64	16	0	0	0	16	8	64	2	16	0	199.33	0.14475	38.81	0.98944	5.7997	0.98336	9.9239
1035	2	2048	16	32	32	8	16	0	0	0	0	0	0	0	0	0	110.05	0.58868	5.6722	0	0	0	0	72.366
1036	2	2048	16	32	32	8	16	0	0	0	16	8	32	2	16	2	132.51	0.58868	5.6722	1	3.9293	0.99385	6.3476
1037	2	2048	16	32	32	16	16	0	0	0	0	0	0	0	0	0	112.4	0.50843	7.1241	0	0	0	0	78.226
1038	2	2048	16	32	32	16	16	0	0	0	16	8	32	1	16	1	130.01	0.50843	7.1241	0.99978	3.8799	0.99363	6.2221
1039	2	2048	16	32	32	16	16	0	0	0	16	8	32	1	16	2	133.63	0.50843	7.1241	1	4.0553	0.99385	6.4045
1040	2	2048	16	32	32	16	16	0	0	0	16	8	32	2	16	1	133.26	0.50843	7.1241	0.99998	3.9657	0.99383	6.3857
1041	2	2048	16	32	32	16	16	0	0	0	16	8	32	2	16	2	136.98	0.50843	7.1241	1	4.1473	0.99385	6.5751
1043	2	2048	16	32	32	32	16	0	0	0	0	0	0	0	0	0	114.14	0.37929	11.053	0	0	0	0	89.947
1044	2	2048	16	32	32	32	16	0	0	0	8	8	32	2	16	2	114.14	0.37929	11.053	0.91437	5.0407	0.91156	5.9092
1045	2	2048	16	32	32	32	16	0	0	0	16	8	32	1	16	0	137.64	0.37929	11.053	0.9657	4.4023	0.95976	6.8435
1046	2	2048	16	32	32	32	16	0	0	0	16	8	32	1	16	1	141.96	0.37929	11.053	0.99937	4.466	0.99322	6.8339
1047	2	2048	16	32	32	32	16	0	0	0	16	8	32	1	16	2	146.28	0.37929	11.053	0.99999	4.6759	0.99384	7.051
1048	2	2048	16	32	32	32	16	0	0	0	16	8	32	2	16	0	140.31	0.37929	11.053	0.99325	4.3395	0.98714	6.7909
1049	2	2048	16	32	32	32	16	0	0	0	16	8	32	2	16	1	144.71	0.37929	11.053	0.99998	4.5262	0.99383	6.9702
1050	2	2048	16	32	32	32	16	0	0	0	16	8	32	2	16	2	149.1	0.37929	11.053	1	4.7427	0.99385	7.1958
1064	2	2048	16	32	64	1	16	0	0	0	0	0	0	0	0	0	113.12	0.4608	8.293	0	0	0	0	82.337
1065	2	2048	16	32	64	1	16	0	0	0	8	8	64	2	16	2	113.12	0.4608	8.293	0.94935	4.4125	0.94643	5.6383
1066	2	2048	16	32	64	1	16	0	0	0	16	8	64	1	16	0	189.95	0.4608	8.293	0.95944	5.5692	0.95354	9.7174
1067	2	2048	16	32	64	1	16	0	0	0	16	8	64	1	16	1	195.66	0.4608	8.293	0.99911	5.6331	0.99297	9.6332
1068	2	2048	16	32	64	1	16	0	0	0	16	8	64	1	16	2	201.36	0.4608	8.293	0.99999	5.9141	0.99384	9.9272
1069	2	2048	16	32	64	1	16	0	0	0	16	8	64	2	16	0	222.35	0.4608	8.293	0.99221	6.9554	0.98611	11.135
1070	2	2048	16	32	64	1	16	0	0	0	16	8	64	2	16	1	229.99	0.4608	8.293	0.99997	7.2913	0.99382	11.46
1071	2	2048	16	32	64	1	16	0	0	0	16	8	64	2	16	2	237.62	0.4608	8.293	1	7.6829	0.99385	11.873
1073	2	2048	16	32	64	2	16	0	0	0	0	0	0	0	0	0	110.13	0.45145	8.5437	0	0	0	0	83.07
1074	2	2048	16	32	64	2	16	0	0	0	8	8	64	2	16	1	110.13	0.45145	8.5437	0.8017	5.0428	0.79924	6.4904
1075	2	2048	16	32	64	2	16	0	0	0	8	8	64	2	16	2	113.95	0.45145	8.5437	0.94607	4.4704	0.94316	5.7014
1076	2	2048	16	32	64	2	16	0	0	0	16	8	64	1	16	0	175.59	0.45145	8.5437	0.96637	4.793	0.96043	8.867
1077	2	2048	16	32	64	2	16	0	0	0	16	8	64	1	16	1	180.39	0.45145	8.5437	0.99939	4.8719	0.99325	8.8258
1078	2	2048	16	32	64	2	16	0	0	0	16	8	64	1	16	2	185.2	0.45145	8.5437	0.99999	5.1071	0.99384	9.073
1079	2	2048	16	32	64	2	16	0	0	0	16	8	64	2	16	0	192.88	0.45145	8.5437	0.99295	5.4548	0.98685	9.5453
1080	2	2048	16	32	64	2	16	0	0	0	16	8	64	2	16	1	198.68	0.45145	8.5437	0.99997	5.7061	0.99383	9.785
1081	2	2048	16	32	64	2	16	0	0	0	16	8	64	2	16	2	204.48	0.45145	8.5437	1	5.9968	0.99385	10.093
1084	2	2048	16	32	64	4	16	0	0	0	0	0	0	0	0	0	111.69	0.43473	9.0361	0	0	0	0	84.535
1085	2	2048	16	32	64	4	16	0	0	0	8	8	64	2	16	1	111.69	0.43473	9.0361	0.78761	5.2296	0.78518	6.7051
1086	2	2048	16	32	64	4	16	0	0	0	8	8	64	2	16	2	115.6	0.43473	9.0361	0.93978	4.5862	0.93688	5.8273
1087	2	2048	16	32	64	4	16	0	0	0	16	8	64	1	16	0	169.5	0.43473	9.0361	0.96862	4.4732	0.96267	8.5186
1088	2	2048	16	32	64	4	16	0	0	0	16	8	64	1	16	1	173.93	0.43473	9.0361	0.99947	4.5525	0.99333	8.4866
1089	2	2048	16	32	64	4	16	0	0	0	16	8	64	1	16	2	178.36	0.43473	9.0361	0.99999	4.7683	0.99385	8.7137
1090	2	2048	16	32	64	4	16	0	0	0	16	8	64	2	16	0	179.25	0.43473	9.0361	0.9932	4.7726	0.98709	8.8205
1091	2	2048	16	32	64	4	16	0	0	0	16	8	64	2	16	1	184.19	0.43473	9.0361	0.99998	4.9846	0.99383	9.0202
1092	2	2048	16	32	64	4	16	0	0	0	16	8	64	2	16	2	189.14	0.43473	9.0361	1	5.2298	0.99385	9.2802
1096	2	2048	16	32	64	8	16	0	0	0	0	0	0	0	0	0	110.71	0.4038	10.082	0	0	0	0	87.465
1097	2	2048	16	32	64	8	16	0	0	0	8	8	64	2	16	0	110.71	0.4038	10.082	0.4038	10.082	0.40256	12.957
1098	2	2048	16	32	64	8	16	0	0	0	8	8	64	2	16	1	114.8	0.4038	10.082	0.7598	5.6213	0.75746	7.1552
1099	2	2048	16	32	64	8	16	0	0	0	8	8	64	2	16	2	118.89	0.4038	10.082	0.92653	4.8263	0.92368	6.0888
1100	2	2048	16	32	64	8	16	0	0	0	16	8	64	1	16	0	168.66	0.4038	10.082	0.96696	4.4381	0.96102	8.4877
1101	2	2048	16	32	64	8	16	0	0	0	16	8	64	1	16	1	173.03	0.4038	10.082	0.99941	4.5087	0.99327	8.4402
1102	2	2048	16	32	64	8	16	0	0	0	16	8	64	1	16	2	177.41	0.4038	10.082	0.99999	4.7214	0.99385	8.664
1103	2	2048	16	32	64	8	16	0	0	0	16	8	64	2	16	0	174.63	0.4038	10.082	0.99322	4.5434	0.98711	8.577
1104	2	2048	16	32	64	8	16	0	0	0	16	8	64	2	16	1	179.29	0.4038	10.082	0.99998	4.742	0.99383	8.7626
1105	2	2048	16	32	64	8	16	0	0	0	16	8	64	2	16	2	183.94	0.4038	10.082	1	4.972	0.99385	9.0067
1109	2	2048	16	32	64	16	16	0	0	0	0	0	0	0	0	0	116.57	0.34868	12.498	0	0	0	0	93.325
1110	2	2048	16	32	64	16	16	0	0	0	8	8	64	2	16	0	116.57	0.34868	12.498	0.34868	12.498	0.34761	15.846
1111	2	2048	16	32	64	16	16	0	0	0	8	8	64	2	16	1	121.03	0.34868	12.498	0.70422	6.499	0.70205	8.1632
1112	2	2048	16	32	64	16	16	0	0	0	8	8	64	2	16	2	125.49	0.34868	12.498	0.89681	5.3484	0.89405	6.6603
1113	2	2048	16	32	64	16	16	0	0	0	16	8	64	1	16	0	172.63	0.34868	12.498	0.9598	4.6743	0.9539	8.7668
1114	2	2048	16	32	64	16	16	0	0	0	16	8	64	1	16	1	177.25	0.34868	12.498	0.99913	4.718	0.99299	8.6635
1115	2	2048	16	32	64	16	16	0	0	0	16	8	64	1	16	2	181.88	0.34868	12.498	0.99999	4.9423	0.99384	8.8983
1116	2	2048	16	32	64	16	16	0	0	0	16	8	64	2	16	0	176.72	0.34868	12.498	0.99301	4.6477	0.9869	8.6886
1117	2	2048	16	32	64	16	16	0	0	0	16	8	64	2	16	1	181.5	0.34868	12.498	0.99997	4.8514	0.99383	8.8788
1118	2	2048	16	32	64	16	16	0	0	0	16	8	64	2	16	2	186.29	0.34868	12.498	1	5.0883	0.99385	9.1301
1122	2	2048	16	32	64	32	16	0	0	0	0	0	0	0	0	0	128.29	0.2601	18.974	0	0	0	0	105.05
1123	2	2048	16	32	64	32	16	0	0	0	8	8	64	2	16	0	128.29	0.2601	18.974	0.2601	18.974	0.25929	23.509
1124	2	2048	16	32	64	32	16	0	0	0	8	8	64	2	16	1	133.48	0.2601	18.974	0.59603	8.7119	0.5942	10.7
1125	2	2048	16	32	64	32	16	0	0	0	8	8	64	2	16	2	138.67	0.2601	18.974	0.82654	6.595	0.82399	8.0346
1126	2	2048	16	32	64	32	16	0	0	0	16	8	64	1	16	0	183.41	0.2601	18.974	0.94083	5.3338	0.93505	9.5434
1127	2	2048	16	32	64	32	16	0	0	0	16	8	64	1	16	1	188.7	0.2601	18.974	0.9981	5.2912	0.99197	9.2749
1128	2	2048	16	32	64	32	16	0	0	0	16	8	64	1	16	2	194	0.2601	18.974	0.99996	5.5454	0.99381	9.5373
1129	2	2048	16	32	64	32	16	0	0	0	16	8	64	2	16	0	186.55	0.2601	18.974	0.99225	5.1411	0.98615	9.2153
1130	2	2048	16	32	64	32	16	0	0	0	16	8	64	2	16	1	191.95	0.2601	18.974	0.99997	5.37	0.99382	9.4289
1131	2	2048	16	32	64	32	16	0	0	0	16	8	64	2	16	2	197.35	0.2601	18.974	1	5.6394	0.99385	9.7142
1135	2	2048	16	32	64	64	16	0	0	0	0	0	0	0	0	0	151.73	0.14475	42.18	0	0	0	0	128.49
1136	2	2048	16	32	64	64	16	0	0	0	8	8	64	2	16	0	151.73	0.14475	42.18	0.14475	42.18	0.14431	50.488
1137	2	2048	16	32	64	64	16	0	0	0	8	8	64	2	16	1	158.39	0.14475	42.18	0.40828	15.777	0.40703	18.739
1138	2	2048	16	32	64	64	16	0	0	0	8	8	64	2	16	2	165.04	0.14475	42.18	0.66316	10.223	0.66112	12.055
1225	2	2048	16	64	16	1	16	0	0	0	0	0	0	0	0	0	110.11	0.80825	4.5354	0	0	0	0	79.129
1226	2	2048	16	64	16	1	16	0	0	0	16	8	16	2	16	2	137.76	0.80825	4.5354	1	4.9282	0.99385	6.6149
1227	2	2048	16	64	16	2	16	0	0	0	0	0	0	0	0	0	110.2	0.79348	4.6646	0	0	0	0	79.861
1228	2	2048	16	64	16	2	16	0	0	0	16	8	16	1	16	2	123.56	0.79348	4.6646	1	4.3009	0.99385	5.894
1229	2	2048	16	64	16	2	16	0	0	0	16	8	16	2	16	2	130.09	0.79348	4.6646	1	4.5498	0.99385	6.2248
1230	2	2048	16	64	16	4	16	0	0	0	0	0	0	0	0	0	111.85	0.76489	4.9319	0	0	0	0	81.326
1231	2	2048	16	64	16	4	16	0	0	0	16	8	16	1	16	2	123.08	0.76489	4.9319	1	4.2776	0.99385	5.87
1232	2	2048	16	64	16	4	16	0	0	0	16	8	16	2	16	2	127.49	0.76489	4.9319	1	4.4221	0.99385	6.0931
1233	2	2048	16	64	16	8	16	0	0	0	0	0	0	0	0	0	111.26	0.71084	5.5072	0	0	0	0	84.256
1234	2	2048	16	64	16	8	16	0	0	0	16	8	16	1	16	1	121.32	0.71084	5.5072	0.99995	4.1917	0.9938	5.7814
1235	2	2048	16	64	16	8	16	0	0	0	16	8	16	1	16	2	125.31	0.71084	5.5072	1	4.3871	0.99385	5.9829
1236	2	2048	16	64	16	8	16	0	0	0	16	8	16	2	16	1	124.57	0.71084	5.5072	0.99998	4.2787	0.99383	5.9451
1237	2	2048	16	64	16	8	16	0	0	0	16	8	16	2	16	2	128.67	0.71084	5.5072	1	4.4797	0.99385	6.1525
1239	2	2048	16	64	16	16	16	0	0	0	0	0	0	0	0	0	110.55	0.61397	6.8417	0	0	0	0	90.117
1240	2	2048	16	64	16	16	16	0	0	0	8	8	16	2	16	2	110.55	0.61397	6.8417	0.98424	4.6924	0.98121	5.308
1241	2	2048	16	64	16	16	16	0	0	0	16	8	16	1	16	0	122.71	0.61397	6.8417	0.98638	4.3184	0.98032	5.9322
1242	2	2048	16	64	16	16	16	0	0	0	16	8	16	1	16	1	127.04	0.61397	6.8417	0.9999	4.4725	0.99375	6.071
1243	2	2048	16	64	16	16	16	0	0	0	16	8	16	1	16	2	131.38	0.61397	6.8417	1	4.6853	0.99385	6.29
1244	2	2048	16	64	16	16	16	0	0	0	16	8	16	2	16	0	125.38	0.61397	6.8417	0.99377	4.3456	0.98766	6.0238
1245	2	2048	16	64	16	16	16	0	0	0	16	8	16	2	16	1	129.79	0.61397	6.8417	0.99998	4.535	0.99383	6.2096
1246	2	2048	16	64	16	16	16	0	0	0	16	8	16	2	16	2	134.2	0.61397	6.8417	1	4.7521	0.99385	6.4334
1272	2	2048	16	64	32	1	16	0	0	0	0	0	0	0	0	0	110.46	0.66983	6.0205	0	0	0	0	86.678
1273	2	2048	16	64	32	1	16	0	0	0	8	8	32	2	16	2	110.46	0.66983	6.0205	0.99065	4.4701	0.9876	5.2689
1274	2	2048	16	64	32	1	16	0	0	0	16	8	32	1	16	0	149	0.66983	6.0205	0.98446	4.8857	0.97841	7.3038
1275	2	2048	16	64	32	1	16	0	0	0	16	8	32	1	16	1	154.03	0.66983	6.0205	0.99987	5.0595	0.99372	7.4503
1276	2	2048	16	64	32	1	16	0	0	0	16	8	32	1	16	2	159.06	0.66983	6.0205	1	5.3088	0.99385	7.7093
1277	2	2048	16	64	32	1	16	0	0	0	16	8	32	2	16	0	166.3	0.66983	6.0205	0.99362	5.6325	0.98751	8.1362
1278	2	2048	16	64	32	1	16	0	0	0	16	8	32	2	16	1	172.32	0.66983	6.0205	0.99998	5.8984	0.99383	8.3981
1279	2	2048	16	64	32	1	16	0	0	0	16	8	32	2	16	2	178.34	0.66983	6.0205	1	6.2012	0.99385	8.7127
1281	2	2048	16	64	32	2	16	0	0	0	0	0	0	0	0	0	111.28	0.65731	6.1895	0	0	0	0	87.411
1282	2	2048	16	64	32	2	16	0	0	0	8	8	32	2	16	2	111.28	0.65731	6.1895	0.98942	4.5165	0.98638	5.317
1283	2	2048	16	64	32	2	16	0	0	0	16	8	32	1	16	0	142.18	0.65731	6.1895	0.98609	4.5371	0.98003	6.9373
1284	2	2048	16	64	32	2	16	0	0	0	16	8	32	1	16	1	146.79	0.65731	6.1895	0.9999	4.7011	0.99375	7.0775
1285	2	2048	16	64	32	2	16	0	0	0	16	8	32	1	16	2	151.39	0.65731	6.1895	1	4.9282	0.99385	7.3135
1286	2	2048	16	64	32	2	16	0	0	0	16	8	32	2	16	0	151.93	0.65731	6.1895	0.99372	4.913	0.98761	7.3875
1287	2	2048	16	64	32	2	16	0	0	0	16	8	32	2	16	1	157.05	0.65731	6.1895	0.99998	5.1362	0.99383	7.6055
1288	2	2048	16	64	32	2	16	0	0	0	16	8	32	2	16	2	162.18	0.65731	6.1895	1	5.3909	0.99385	7.8705
1290	2	2048	16	64	32	4	16	0	0	0	0	0	0	0	0	0	112.93	0.6335	6.5351	0	0	0	0	88.876
1291	2	2048	16	64	32	4	16	0	0	0	8	8	32	2	16	2	112.93	0.6335	6.5351	0.98677	4.6108	0.98373	5.4147
1292	2	2048	16	64	32	4	16	0	0	0	16	8	32	1	16	0	139.87	0.6335	6.5351	0.98617	4.4217	0.98011	6.817
1293	2	2048	16	64	32	4	16	0	0	0	16	8	32	1	16	1	144.33	0.6335	6.5351	0.9999	4.5802	0.99375	6.9516
1294	2	2048	16	64	32	4	16	0	0	0	16	8	32	1	16	2	148.8	0.6335	6.5351	1	4.7997	0.99385	7.1799
1295	2	2048	16	64	32	4	16	0	0	0	16	8	32	2	16	0	145.84	0.6335	6.5351	0.99374	4.6108	0.98764	7.0726
1296	2	2048	16	64	32	4	16	0	0	0	16	8	32	2	16	1	150.59	0.6335	6.5351	0.99998	4.816	0.99383	7.2722
1297	2	2048	16	64	32	4	16	0	0	0	16	8	32	2	16	2	155.33	0.6335	6.5351	1	5.0506	0.99385	7.5165
1300	2	2048	16	64	32	8	16	0	0	0	0	0	0	0	0	0	111.86	0.58868	7.2762	0	0	0	0	91.806
1301	2	2048	16	64	32	8	16	0	0	0	8	8	32	2	16	1	111.86	0.58868	7.2762	0.89549	5.0222	0.89274	5.9071
1302	2	2048	16	64	32	8	16	0	0	0	8	8	32	2	16	2	116.23	0.58868	7.2762	0.98045	4.8061	0.97743	5.6177
1303	2	2048	16	64	32	8	16	0	0	0	16	8	32	1	16	0	140.92	0.58868	7.2762	0.98453	4.4811	0.97848	6.8825
1304	2	2048	16	64	32	8	16	0	0	0	16	8	32	1	16	1	145.44	0.58868	7.2762	0.99987	4.6349	0.99373	7.0086
1305	2	2048	16	64	32	8	16	0	0	0	16	8	32	1	16	2	149.97	0.58868	7.2762	1	4.8577	0.99385	7.2402
1306	2	2048	16	64	32	8	16	0	0	0	16	8	32	2	16	0	145	0.58868	7.2762	0.99373	4.5691	0.98762	7.0292
1307	2	2048	16	64	32	8	16	0	0	0	16	8	32	2	16	1	149.69	0.58868	7.2762	0.99998	4.7717	0.99383	7.226
1308	2	2048	16	64	32	8	16	0	0	0	16	8	32	2	16	2	154.38	0.58868	7.2762	1	5.0035	0.99385	7.4674
1312	2	2048	16	64	32	16	16	0	0	0	0	0	0	0	0	0	113.36	0.50843	8.9905	0	0	0	0	97.666
1313	2	2048	16	64	32	16	16	0	0	0	8	8	32	2	16	0	113.36	0.50843	8.9905	0.50843	8.9905	0.50686	10.551
1314	2	2048	16	64	32	16	16	0	0	0	8	8	32	2	16	1	118.09	0.50843	8.9905	0.84517	5.6842	0.84257	6.6274
1315	2	2048	16	64	32	16	16	0	0	0	8	8	32	2	16	2	122.82	0.50843	8.9905	0.96367	5.2281	0.9607	6.059
1316	2	2048	16	64	32	16	16	0	0	0	16	8	32	1	16	0	145.83	0.50843	8.9905	0.97954	4.7507	0.97352	7.1745
1317	2	2048	16	64	32	16	16	0	0	0	16	8	32	1	16	1	150.67	0.50843	8.9905	0.99978	4.8932	0.99363	7.2777
1318	2	2048	16	64	32	16	16	0	0	0	16	8	32	1	16	2	155.5	0.50843	8.9905	1	5.1317	0.99385	7.5252
1319	2	2048	16	64	32	16	16	0	0	0	16	8	32	2	16	0	148.97	0.50843	8.9905	0.99363	4.7665	0.98752	7.2351
1320	2	2048	16	64	32	16	16	0	0	0	16	8	32	2	16	1	153.91	0.50843	8.9905	0.99998	4.9804	0.99383	7.4434
1321	2	2048	16	64	32	16	16	0	0	0	16	8	32	2	16	2	158.85	0.50843	8.9905	1	5.2254	0.99385	7.6983
1325	2	2048	16	64	32	32	16	0	0	0	0	0	0	0	0	0	125.08	0.37929	13.579	0	0	0	0	109.39
1326	2	2048	16	64	32	32	16	0	0	0	8	8	32	2	16	0	125.08	0.37929	13.579	0.37929	13.579	0.37813	15.694
1327	2	2048	16	64	32	32	16	0	0	0	8	8	32	2	16	1	130.54	0.37929	13.579	0.73608	7.3663	0.73381	8.4617
1328	2	2048	16	64	32	32	16	0	0	0	8	8	32	2	16	2	136.01	0.37929	13.579	0.91437	6.2284	0.91156	7.1145
1329	2	2048	16	64	32	32	16	0	0	0	16	8	32	1	16	0	157.08	0.37929	13.579	0.9657	5.3953	0.95976	7.877
1330	2	2048	16	64	32	32	16	0	0	0	16	8	32	1	16	1	162.62	0.37929	13.579	0.99937	5.4895	0.99322	7.8984
1331	2	2048	16	64	32	32	16	0	0	0	16	8	32	1	16	2	168.15	0.37929	13.579	0.99999	5.763	0.99384	8.1811
1332	2	2048	16	64	32	32	16	0	0	0	16	8	32	2	16	0	159.75	0.37929	13.579	0.99325	5.3059	0.98714	7.7975
1333	2	2048	16	64	32	32	16	0	0	0	16	8	32	2	16	1	165.36	0.37929	13.579	0.99998	5.5501	0.99383	8.0361
1334	2	2048	16	64	32	32	16	0	0	0	16	8	32	2	16	2	170.97	0.37929	13.579	1	5.8309	0.99385	8.3279
1346	2	2048	16	64	64	1	16	0	0	0	0	0	0	0	0	0	125.02	0.4608	10.359	0	0	0	0	101.78
1347	2	2048	16	64	64	1	16	0	0	0	8	8	64	2	16	0	125.02	0.4608	10.359	0.4608	10.359	0.45938	12.912
1348	2	2048	16	64	64	1	16	0	0	0	8	8	64	2	16	1	130.01	0.4608	10.359	0.80932	6.203	0.80683	7.6625
1349	2	2048	16	64	64	1	16	0	0	0	8	8	64	2	16	2	134.99	0.4608	10.359	0.94935	5.5488	0.94643	6.7983
1350	2	2048	16	64	64	1	16	0	0	0	16	8	64	1	16	0	209.39	0.4608	10.359	0.95944	6.5856	0.95354	10.792
1351	2	2048	16	64	64	1	16	0	0	0	16	8	64	1	16	1	216.31	0.4608	10.359	0.99911	6.6748	0.99297	10.734
1352	2	2048	16	64	64	1	16	0	0	0	16	8	64	1	16	2	223.23	0.4608	10.359	0.99999	7.021	0.99384	11.096
1353	2	2048	16	64	64	1	16	0	0	0	16	8	64	2	16	0	241.79	0.4608	10.359	0.99221	7.9594	0.98611	12.194
1354	2	2048	16	64	64	1	16	0	0	0	16	8	64	2	16	1	250.64	0.4608	10.359	0.99997	8.3556	0.99382	12.582
1355	2	2048	16	64	64	1	16	0	0	0	16	8	64	2	16	2	259.49	0.4608	10.359	1	8.8157	0.99385	13.066
1359	2	2048	16	64	64	2	16	0	0	0	0	0	0	0	0	0	125.75	0.45145	10.654	0	0	0	0	102.51
1360	2	2048	16	64	64	2	16	0	0	0	8	8	64	2	16	0	125.75	0.45145	10.654	0.45145	10.654	0.45006	13.261
1361	2	2048	16	64	64	2	16	0	0	0	8	8	64	2	16	1	130.79	0.45145	10.654	0.8017	6.3101	0.79924	7.7844
1362	2	2048	16	64	64	2	16	0	0	0	8	8	64	2	16	2	135.82	0.45145	10.654	0.94607	5.6114	0.94316	6.8661
1363	2	2048	16	64	64	2	16	0	0	0	16	8	64	1	16	0	195.03	0.45145	10.654	0.96637	5.7913	0.96043	9.9251
1364	2	2048	16	64	64	2	16	0	0	0	16	8	64	1	16	1	201.05	0.45145	10.654	0.99939	5.9018	0.99325	9.9165
1365	2	2048	16	64	64	2	16	0	0	0	16	8	64	1	16	2	207.07	0.45145	10.654	0.99999	6.2013	0.99384	10.231
1366	2	2048	16	64	64	2	16	0	0	0	16	8	64	2	16	0	212.32	0.45145	10.654	0.99295	6.438	0.98685	10.586
1367	2	2048	16	64	64	2	16	0	0	0	16	8	64	2	16	1	219.34	0.45145	10.654	0.99997	6.7481	0.99383	10.887
1368	2	2048	16	64	64	2	16	0	0	0	16	8	64	2	16	2	226.35	0.45145	10.654	1	7.105	0.99385	11.264
1372	2	2048	16	64	64	4	16	0	0	0	0	0	0	0	0	0	127.22	0.43473	11.23	0	0	0	0	103.97
1373	2	2048	16	64	64	4	16	0	0	0	8	8	64	2	16	0	127.22	0.43473	11.23	0.43473	11.23	0.43339	13.941
1374	2	2048	16	64	64	4	16	0	0	0	8	8	64	2	16	1	132.34	0.43473	11.23	0.78761	6.5211	0.78518	8.0238
1375	2	2048	16	64	64	4	16	0	0	0	8	8	64	2	16	2	137.47	0.43473	11.23	0.93978	5.7364	0.93688	7.0012
1376	2	2048	16	64	64	4	16	0	0	0	16	8	64	1	16	0	188.94	0.43473	11.23	0.96862	5.4645	0.96267	9.5703
1377	2	2048	16	64	64	4	16	0	0	0	16	8	64	1	16	1	194.58	0.43473	11.23	0.99947	5.5773	0.99333	9.5729
1378	2	2048	16	64	64	4	16	0	0	0	16	8	64	1	16	2	200.23	0.43473	11.23	0.99999	5.8569	0.99385	9.8668
1379	2	2048	16	64	64	4	16	0	0	0	16	8	64	2	16	0	198.69	0.43473	11.23	0.9932	5.7456	0.98709	9.8523
1380	2	2048	16	64	64	4	16	0	0	0	16	8	64	2	16	1	204.85	0.43473	11.23	0.99998	6.0157	0.99383	10.113
1381	2	2048	16	64	64	4	16	0	0	0	16	8	64	2	16	2	211.01	0.43473	11.23	1	6.326	0.99385	10.441
1385	2	2048	16	64	64	8	16	0	0	0	0	0	0	0	0	0	130.15	0.4038	12.45	0	0	0	0	106.9
1386	2	2048	16	64	64	8	16	0	0	0	8	8	64	2	16	0	130.15	0.4038	12.45	0.4038	12.45	0.40256	15.375
1387	2	2048	16	64	64	8	16	0	0	0	8	8	64	2	16	1	135.46	0.4038	12.45	0.7598	6.9634	0.75746	8.5252
1388	2	2048	16	64	64	8	16	0	0	0	8	8	64	2	16	2	140.76	0.4038	12.45	0.92653	5.9959	0.92368	7.2824
1389	2	2048	16	64	64	8	16	0	0	0	16	8	64	1	16	0	188.1	0.4038	12.45	0.96696	5.4304	0.96102	9.5407
1390	2	2048	16	64	64	8	16	0	0	0	16	8	64	1	16	1	193.69	0.4038	12.45	0.99941	5.5328	0.99327	9.526
1391	2	2048	16	64	64	8	16	0	0	0	16	8	64	1	16	2	199.28	0.4038	12.45	0.99999	5.8093	0.99385	9.8164
1392	2	2048	16	64	64	8	16	0	0	0	16	8	64	2	16	0	194.07	0.4038	12.45	0.99322	5.513	0.98711	9.6058
1393	2	2048	16	64	64	8	16	0	0	0	16	8	64	2	16	1	199.94	0.4038	12.45	0.99998	5.7693	0.99383	9.8519
1394	2	2048	16	64	64	8	16	0	0	0	16	8	64	2	16	2	205.81	0.4038	12.45	1	6.064	0.99385	10.164
1398	2	2048	16	64	64	16	16	0	0	0	0	0	0	0	0	0	136.01	0.34868	15.253	0	0	0	0	112.77
1399	2	2048	16	64	64	16	16	0	0	0	8	8	64	2	16	0	136.01	0.34868	15.253	0.34868	15.253	0.34761	18.658
1400	2	2048	16	64	64	16	16	0	0	0	8	8	64	2	16	1	141.68	0.34868	15.253	0.70422	7.9541	0.70205	9.6479
1401	2	2048	16	64	64	16	16	0	0	0	8	8	64	2	16	2	147.36	0.34868	15.253	0.89681	6.5628	0.89405	7.8992
1402	2	2048	16	64	64	16	16	0	0	0	16	8	64	1	16	0	192.07	0.34868	15.253	0.9598	5.6772	0.9539	9.8302
1403	2	2048	16	64	64	16	16	0	0	0	16	8	64	1	16	1	197.91	0.34868	15.253	0.99913	5.7457	0.99299	9.7523
1404	2	2048	16	64	64	16	16	0	0	0	16	8	64	1	16	2	203.75	0.34868	15.253	0.99999	6.0338	0.99384	10.054
1405	2	2048	16	64	64	16	16	0	0	0	16	8	64	2	16	0	196.16	0.34868	15.253	0.99301	5.619	0.9869	9.719
1406	2	2048	16	64	64	16	16	0	0	0	16	8	64	2	16	1	202.16	0.34868	15.253	0.99997	5.8805	0.99383	9.9696
1410	2	2048	16	64	64	32	16	0	0	0	0	0	0	0	0	0	147.73	0.2601	22.701	0	0	0	0	124.49
1411	2	2048	16	64	64	32	16	0	0	0	8	8	64	2	16	0	147.73	0.2601	22.701	0.2601	22.701	0.25929	27.31
1412	2	2048	16	64	64	32	16	0	0	0	8	8	64	2	16	1	154.14	0.2601	22.701	0.59603	10.447	0.5942	12.469
1413	2	2048	16	64	64	32	16	0	0	0	8	8	64	2	16	2	160.54	0.2601	22.701	0.82654	7.9255	0.82399	9.3908
1414	2	4096	8	8	64	32	16	0	0	0	0	0	0	0	0	0	110.04	0.51	7.1028	0	0	0	0	78.233
1415	2	4096	8	8	64	32	16	0	0	0	8	8	64	2	16	2	127.96	0.51	7.1028	1	4.1405	0.99692	6.098
1417	2	4096	8	8	64	64	16	0	0	0	0	0	0	0	0	0	113.06	0.38046	11.02	0	0	0	0	89.954
1418	2	4096	8	8	64	64	16	0	0	0	4	8	64	2	16	2	113.06	0.38046	11.02	0.90412	5.2615	0.90273	5.9079
1419	2	4096	8	8	64	64	16	0	0	0	8	8	64	1	16	0	128.9	0.38046	11.02	0.94401	4.4725	0.94111	6.5098
1420	2	4096	8	8	64	64	16	0	0	0	8	8	64	1	16	1	134.72	0.38046	11.02	0.99821	4.5156	0.99513	6.4516
