#Config.# 	 Type of Red. 	 L2 	 MCores 	 MC_D$ 	 MC_HWTC 	 MC_Lane 	 MC_I$ 	 #Sp_Lane 	 #ShS_Lane 	 #CMCore 	 #HC 	 HC_D$ 	 HC_HWTC 	 HC_Lanes 	 HC_I$ 	 HMCore 	 Hot_sys_area 	 Bas_sys_yield 	 Bas_sys_cost 	 Cold_sys_yield 	 Cold_sys_cost 	 Hot_sys_yield 	 Hot_sys_cost 	 Bas_sys_area
1	2	1024	4	8	64	64	16	0	0	0	0	0	0	0	0	0	51.276	0.61682	2.4738	0	0	0	0	33.977
2	2	1024	4	8	64	64	16	0	0	0	2	8	64	2	16	2	51.276	0.61682	2.4738	0.97741	2.1082	0.97666	2.3896
3	2	1024	4	8	64	64	16	0	0	0	4	8	64	1	16	1	59.269	0.61682	2.4738	0.99949	1.8108	0.99795	2.7179
4	2	1024	4	8	64	64	16	0	0	0	4	8	64	2	16	1	60.012	0.61682	2.4738	1	1.8274	0.99846	2.7519
5	2	1024	4	16	64	32	16	0	0	0	0	0	0	0	0	0	50.12	0.71414	1.837	0	0	0	0	29.331
6	2	1024	4	16	64	32	16	0	0	0	4	8	64	2	16	2	59.292	0.71414	1.837	1	1.7939	0.99846	2.7176
8	2	1024	4	16	64	64	16	0	0	0	0	0	0	0	0	0	53.099	0.61682	2.5649	0	0	0	0	35.192
9	2	1024	4	16	64	64	16	0	0	0	2	8	64	2	16	2	53.099	0.61682	2.5649	0.97741	2.1957	0.97666	2.4777
10	2	1024	4	16	64	64	16	0	0	0	4	8	64	1	16	1	60.788	0.61682	2.5649	0.99949	1.8816	0.99795	2.7903
11	2	1024	4	16	64	64	16	0	0	0	4	8	64	2	16	1	61.531	0.61682	2.5649	1	1.8982	0.99846	2.8244
14	2	1024	4	32	64	32	16	0	0	0	0	0	0	0	0	0	53.581	0.71414	1.9935	0	0	0	0	31.761
15	2	1024	4	32	64	32	16	0	0	0	4	8	64	1	16	2	61.943	0.71414	1.9935	1	1.9345	0.99846	2.844
16	2	1024	4	32	64	32	16	0	0	0	4	8	64	2	16	2	62.937	0.71414	1.9935	1	1.9639	0.99846	2.8915
17	2	1024	4	32	64	64	16	0	0	0	0	0	0	0	0	0	50.088	0.61682	2.7475	0	0	0	0	37.622
18	2	1024	4	32	64	64	16	0	0	0	2	8	64	2	16	1	50.088	0.61682	2.7475	0.89756	2.2338	0.89686	2.5397
19	2	1024	4	32	64	64	16	0	0	0	4	8	64	1	16	1	63.825	0.61682	2.7475	0.99949	2.0236	0.99795	2.9355
20	2	1024	4	32	64	64	16	0	0	0	4	8	64	2	16	1	64.568	0.61682	2.7475	1	2.0402	0.99846	2.9696
35	2	1024	4	64	32	32	16	0	0	0	0	0	0	0	0	0	51.435	0.78477	1.8779	0	0	0	0	32.847
36	2	1024	4	64	32	32	16	0	0	0	4	8	32	1	16	2	55.844	0.78477	1.8779	1	2.0024	0.99846	2.5537
37	2	1024	4	64	32	32	16	0	0	0	4	8	32	2	16	2	56.662	0.78477	1.8779	1	2.0235	0.99846	2.5925
40	2	1024	4	64	64	1	16	0	0	0	0	0	0	0	0	0	52.356	0.82391	1.6822	0	0	0	0	30.944
41	2	1024	4	64	64	1	16	0	0	0	4	8	64	1	16	2	71.687	0.82391	1.6822	1	2.3923	0.99846	3.3115
42	2	1024	4	64	64	1	16	0	0	0	4	8	64	2	16	2	83.652	0.82391	1.6822	1	2.9433	0.99846	3.8913
43	2	1024	4	64	64	2	16	0	0	0	0	0	0	0	0	0	52.63	0.81969	1.7012	0	0	0	0	31.127
44	2	1024	4	64	64	2	16	0	0	0	4	8	64	1	16	2	66.3	0.81969	1.7012	1	2.1386	0.99846	3.0525
45	2	1024	4	64	64	2	16	0	0	0	4	8	64	2	16	2	72.603	0.81969	1.7012	1	2.4182	0.99846	3.3557
46	2	1024	4	64	64	4	16	0	0	0	0	0	0	0	0	0	53.18	0.812	1.7381	0	0	0	0	31.494
47	2	1024	4	64	64	4	16	0	0	0	4	8	64	1	16	2	64.018	0.812	1.7381	1	2.0316	0.99846	2.9432
48	2	1024	4	64	64	4	16	0	0	0	4	8	64	2	16	2	67.49	0.812	1.7381	1	2.1773	0.99846	3.1096
49	2	1024	4	64	64	8	16	0	0	0	0	0	0	0	0	0	54.279	0.79715	1.8128	0	0	0	0	32.226
50	2	1024	4	64	64	8	16	0	0	0	4	8	64	1	16	2	63.701	0.79715	1.8128	1	2.0168	0.99846	2.9281
51	2	1024	4	64	64	8	16	0	0	0	4	8	64	2	16	2	65.758	0.79715	1.8128	1	2.096	0.99846	3.0265
53	2	1024	4	64	64	16	16	0	0	0	0	0	0	0	0	0	50.848	0.76844	1.9685	0	0	0	0	33.691
54	2	1024	4	64	64	16	16	0	0	0	2	8	64	2	16	2	50.848	0.76844	1.9685	0.99553	2.0497	0.99476	2.3258
55	2	1024	4	64	64	16	16	0	0	0	4	8	64	1	16	1	59.355	0.76844	1.9685	0.99993	1.8139	0.99839	2.7208
56	2	1024	4	64	64	16	16	0	0	0	4	8	64	2	16	1	60.54	0.76844	1.9685	1	1.852	0.99846	2.7771
58	2	1024	4	64	64	32	16	0	0	0	0	0	0	0	0	0	55.243	0.71414	2.3081	0	0	0	0	36.621
59	2	1024	4	64	64	32	16	0	0	0	2	8	64	2	16	2	55.243	0.71414	2.3081	0.99127	2.2667	0.99051	2.5454
60	2	1024	4	64	64	32	16	0	0	0	4	8	64	1	16	1	62.722	0.71414	2.3081	0.99986	1.9713	0.99832	2.8817
61	2	1024	4	64	64	32	16	0	0	0	4	8	64	2	16	1	63.613	0.71414	2.3081	1	1.9955	0.99846	2.9238
62	2	1024	4	64	64	64	16	0	0	0	0	0	0	0	0	0	53.921	0.61682	3.1144	0	0	0	0	42.482
63	2	1024	4	64	64	64	16	0	0	0	4	8	64	1	16	0	61.955	0.61682	3.1144	0.9716	1.9917	0.97011	2.9277
64	2	1024	4	64	64	64	16	0	0	0	4	8	64	2	16	0	62.622	0.61682	3.1144	0.99735	1.9543	0.99581	2.8841
98	2	1024	8	8	32	16	16	0	0	0	0	0	0	0	0	0	52.358	0.71304	2.0006	0	0	0	0	31.823
99	2	1024	8	8	32	16	16	0	0	0	8	8	32	1	16	2	61.321	0.71304	2.0006	1	1.7158	0.99692	2.8187
100	2	1024	8	8	32	16	16	0	0	0	8	8	32	2	16	1	60.289	0.71304	2.0006	0.99999	1.634	0.99692	2.7694
101	2	1024	8	8	32	16	16	0	0	0	8	8	32	2	16	2	63.101	0.71304	2.0006	1	1.7645	0.99692	2.9039
103	2	1024	8	8	32	32	16	0	0	0	0	0	0	0	0	0	52.202	0.61587	2.7564	0	0	0	0	37.683
104	2	1024	8	8	32	32	16	0	0	0	4	8	32	2	16	2	52.202	0.61587	2.7564	0.98216	2.0451	0.98065	2.4244
105	2	1024	8	8	32	32	16	0	0	0	8	8	32	1	16	0	61.53	0.61587	2.7564	0.9827	1.7559	0.97967	2.8785
106	2	1024	8	8	32	32	16	0	0	0	8	8	32	2	16	0	62.865	0.61587	2.7564	0.99662	1.7595	0.99355	2.9024
108	2	1024	8	8	64	1	16	0	0	0	0	0	0	0	0	0	51.22	0.67882	2.2411	0	0	0	0	33.878
109	2	1024	8	8	64	1	16	0	0	0	4	8	64	2	16	2	51.22	0.67882	2.2411	0.99014	1.8044	0.98861	2.358
111	2	1024	8	8	64	2	16	0	0	0	0	0	0	0	0	0	51.678	0.6719	2.2894	0	0	0	0	34.245
112	2	1024	8	8	64	2	16	0	0	0	4	8	64	2	16	2	51.678	0.6719	2.2894	0.98942	1.8272	0.9879	2.3816
114	2	1024	8	8	64	4	16	0	0	0	0	0	0	0	0	0	52.594	0.65934	2.3844	0	0	0	0	34.977
115	2	1024	8	8	64	4	16	0	0	0	4	8	64	2	16	2	52.594	0.65934	2.3844	0.98803	1.873	0.98651	2.4287
118	2	1024	8	8	64	8	16	0	0	0	0	0	0	0	0	0	51.245	0.63546	2.5808	0	0	0	0	36.442
119	2	1024	8	8	64	8	16	0	0	0	4	8	64	2	16	1	51.245	0.63546	2.5808	0.91557	1.9526	0.91416	2.5513
120	2	1024	8	8	64	8	16	0	0	0	4	8	64	2	16	2	54.425	0.63546	2.5808	0.98502	1.9655	0.9835	2.5242
123	2	1024	8	8	64	16	16	0	0	0	0	0	0	0	0	0	50.995	0.59049	3.0078	0	0	0	0	39.373
124	2	1024	8	8	64	16	16	0	0	0	4	8	64	2	16	0	50.995	0.59049	3.0078	0.59049	3.0078	0.58958	3.9359
125	2	1024	8	8	64	16	16	0	0	0	4	8	64	2	16	1	54.542	0.59049	3.0078	0.89154	2.1776	0.89017	2.795
150	2	1024	8	16	32	4	16	0	0	0	0	0	0	0	0	0	50.268	0.79593	1.6786	0	0	0	0	29.858
151	2	1024	8	16	32	4	16	0	0	0	8	8	32	2	16	2	64.184	0.79593	1.6786	1	1.8149	0.99692	2.9557
152	2	1024	8	16	32	8	16	0	0	0	0	0	0	0	0	0	51.733	0.76725	1.8292	0	0	0	0	31.323
153	2	1024	8	16	32	8	16	0	0	0	8	8	32	1	16	2	61.286	0.76725	1.8292	1	1.7142	0.99692	2.817
154	2	1024	8	16	32	8	16	0	0	0	8	8	32	2	16	2	63.656	0.76725	1.8292	1	1.7903	0.99692	2.9304
155	2	1024	8	16	32	16	16	0	0	0	0	0	0	0	0	0	52.489	0.71304	2.1579	0	0	0	0	34.253
156	2	1024	8	16	32	16	16	0	0	0	8	8	32	1	16	1	61.347	0.71304	2.1579	0.99994	1.7172	0.99686	2.8201
157	2	1024	8	16	32	16	16	0	0	0	8	8	32	1	16	2	64.359	0.71304	2.1579	1	1.8572	0.99692	2.9641
158	2	1024	8	16	32	16	16	0	0	0	8	8	32	2	16	1	63.023	0.71304	2.1579	0.99999	1.7609	0.99692	2.9001
159	2	1024	8	16	32	16	16	0	0	0	8	8	32	2	16	2	66.139	0.71304	2.1579	1	1.9061	0.99692	3.0495
162	2	1024	8	16	32	32	16	0	0	0	0	0	0	0	0	0	51.6	0.61587	2.9399	0	0	0	0	40.113
163	2	1024	8	16	32	32	16	0	0	0	4	8	32	2	16	1	51.6	0.61587	2.9399	0.90553	2.187	0.90413	2.5982
164	2	1024	8	16	32	32	16	0	0	0	4	8	32	2	16	2	55.24	0.61587	2.9399	0.98216	2.19	0.98065	2.5708
165	2	1024	8	16	32	32	16	0	0	0	8	8	32	1	16	0	63.96	0.61587	2.9399	0.9827	1.871	0.97967	2.9969
166	2	1024	8	16	32	32	16	0	0	0	8	8	32	2	16	0	65.295	0.61587	2.9399	0.99662	1.873	0.99355	3.0192
169	2	1024	8	16	64	1	16	0	0	0	0	0	0	0	0	0	51.094	0.67882	2.4068	0	0	0	0	36.308
170	2	1024	8	16	64	1	16	0	0	0	4	8	64	2	16	1	51.094	0.67882	2.4068	0.93553	1.9034	0.93409	2.4893
171	2	1024	8	16	64	1	16	0	0	0	4	8	64	2	16	2	54.258	0.67882	2.4068	0.99014	1.9474	0.98861	2.5031
174	2	1024	8	16	64	2	16	0	0	0	0	0	0	0	0	0	51.506	0.6719	2.4569	0	0	0	0	36.675
175	2	1024	8	16	64	2	16	0	0	0	4	8	64	2	16	1	51.506	0.6719	2.4569	0.93255	1.9301	0.93111	2.5181
176	2	1024	8	16	64	2	16	0	0	0	4	8	64	2	16	2	54.716	0.6719	2.4569	0.98942	1.9705	0.9879	2.5269
179	2	1024	8	16	64	4	16	0	0	0	0	0	0	0	0	0	52.331	0.65934	2.5552	0	0	0	0	37.407
180	2	1024	8	16	64	4	16	0	0	0	4	8	64	2	16	1	52.331	0.65934	2.5552	0.92694	1.9832	0.92551	2.5754
181	2	1024	8	16	64	4	16	0	0	0	4	8	64	2	16	2	55.632	0.65934	2.5552	0.98803	2.0166	0.98651	2.5744
184	2	1024	8	16	64	8	16	0	0	0	0	0	0	0	0	0	50.495	0.63546	2.7584	0	0	0	0	38.872
185	2	1024	8	16	64	8	16	0	0	0	4	8	64	2	16	0	50.495	0.63546	2.7584	0.63546	2.7584	0.63448	3.6202
186	2	1024	8	16	64	8	16	0	0	0	4	8	64	2	16	1	53.979	0.63546	2.7584	0.91557	2.0918	0.91416	2.6926
188	2	1024	8	16	64	16	16	0	0	0	0	0	0	0	0	0	53.425	0.59049	3.1996	0	0	0	0	41.803
189	2	1024	8	16	64	16	16	0	0	0	4	8	64	2	16	0	53.425	0.59049	3.1996	0.59049	3.1996	0.58958	4.1304
209	2	1024	8	32	16	16	16	0	0	0	0	0	0	0	0	0	52.977	0.78356	2.0277	0	0	0	0	35.338
210	2	1024	8	32	16	16	16	0	0	0	8	8	16	1	16	2	57.871	0.78356	2.0277	1	1.9067	0.99692	2.6541
211	2	1024	8	32	16	16	16	0	0	0	8	8	16	2	16	1	56.164	0.78356	2.0277	0.99999	1.793	0.99692	2.5728
212	2	1024	8	32	16	16	16	0	0	0	8	8	16	2	16	2	59.356	0.78356	2.0277	1	1.9419	0.99692	2.7249
219	2	1024	8	32	32	1	16	0	0	0	0	0	0	0	0	0	51.775	0.81843	1.8442	0	0	0	0	33.619
220	2	1024	8	32	32	1	16	0	0	0	8	8	32	1	16	1	68.596	0.81843	1.8442	0.99997	2.0553	0.99689	3.1678
221	2	1024	8	32	32	1	16	0	0	0	8	8	32	1	16	2	72.413	0.81843	1.8442	1	2.2345	0.99692	3.3517
222	2	1024	8	32	32	1	16	0	0	0	8	8	32	2	16	1	78.234	0.81843	1.8442	0.99999	2.4746	0.99692	3.6336
223	2	1024	8	32	32	1	16	0	0	0	8	8	32	2	16	2	83.04	0.81843	1.8442	1	2.7025	0.99692	3.8675
224	2	1024	8	32	32	2	16	0	0	0	0	0	0	0	0	0	52.188	0.81075	1.8825	0	0	0	0	33.985
225	2	1024	8	32	32	2	16	0	0	0	8	8	32	1	16	1	64.762	0.81075	1.8825	0.99997	1.8761	0.99689	2.9835
226	2	1024	8	32	32	2	16	0	0	0	8	8	32	1	16	2	68.153	0.81075	1.8825	1	2.0345	0.99692	3.1463
227	2	1024	8	32	32	2	16	0	0	0	8	8	32	2	16	1	70.153	0.81075	1.8825	0.99999	2.0939	0.99692	3.2427
228	2	1024	8	32	32	2	16	0	0	0	8	8	32	2	16	2	74.061	0.81075	1.8825	1	2.2776	0.99692	3.4314
229	2	1024	8	32	32	4	16	0	0	0	0	0	0	0	0	0	50.047	0.79593	1.9602	0	0	0	0	34.718
230	2	1024	8	32	32	4	16	0	0	0	8	8	32	1	16	0	60.216	0.79593	1.9602	0.99306	1.6762	0.99	2.7852
231	2	1024	8	32	32	4	16	0	0	0	8	8	32	1	16	1	63.463	0.79593	1.9602	0.99997	1.8155	0.99689	2.9212
232	2	1024	8	32	32	4	16	0	0	0	8	8	32	1	16	2	66.709	0.79593	1.9602	1	1.9669	0.99692	3.0769
233	2	1024	8	32	32	4	16	0	0	0	8	8	32	2	16	0	63.202	0.79593	1.9602	0.99687	1.7748	0.9938	2.9178
234	2	1024	8	32	32	4	16	0	0	0	8	8	32	2	16	1	66.731	0.79593	1.9602	0.99999	1.9337	0.99692	3.0779
236	2	1024	8	32	32	8	16	0	0	0	0	0	0	0	0	0	50.326	0.76725	2.1218	0	0	0	0	36.183
237	2	1024	8	32	32	8	16	0	0	0	4	8	32	2	16	2	50.326	0.76725	2.1218	0.99651	1.9276	0.99497	2.3006
238	2	1024	8	32	32	8	16	0	0	0	8	8	32	1	16	0	60.738	0.76725	2.1218	0.99223	1.702	0.98918	2.8126
239	2	1024	8	32	32	8	16	0	0	0	8	8	32	1	16	1	64.049	0.76725	2.1218	0.99997	1.8428	0.99689	2.9494
240	2	1024	8	32	32	8	16	0	0	0	8	8	32	2	16	0	62.78	0.76725	2.1218	0.99686	1.7551	0.99379	2.8976
241	2	1024	8	32	32	8	16	0	0	0	8	8	32	2	16	1	66.256	0.76725	2.1218	0.99999	1.9115	0.99692	3.0551
244	2	1024	8	32	32	16	16	0	0	0	0	0	0	0	0	0	50.475	0.71304	2.474	0	0	0	0	39.113
245	2	1024	8	32	32	16	16	0	0	0	4	8	32	2	16	1	50.475	0.71304	2.474	0.94918	2.0311	0.94771	2.4227
246	2	1024	8	32	32	16	16	0	0	0	4	8	32	2	16	2	53.989	0.71304	2.474	0.99316	2.1067	0.99163	2.4827
247	2	1024	8	32	32	16	16	0	0	0	8	8	32	1	16	0	63.196	0.71304	2.474	0.98972	1.8218	0.98667	2.9386
248	2	1024	8	32	32	16	16	0	0	0	8	8	32	2	16	0	64.767	0.71304	2.474	0.99681	1.848	0.99374	2.9932
250	2	1024	8	32	32	32	16	0	0	0	0	0	0	0	0	0	52.821	0.61587	3.3084	0	0	0	0	44.973
251	2	1024	8	32	32	32	16	0	0	0	4	8	32	2	16	0	52.821	0.61587	3.3084	0.61587	3.3084	0.61492	3.9139
253	2	1024	8	32	64	1	16	0	0	0	0	0	0	0	0	0	52.791	0.67882	2.7397	0	0	0	0	41.168
254	2	1024	8	32	64	1	16	0	0	0	4	8	64	2	16	0	52.791	0.67882	2.7397	0.67882	2.7397	0.67778	3.5488
256	2	1024	8	32	64	2	16	0	0	0	0	0	0	0	0	0	53.157	0.6719	2.7933	0	0	0	0	41.535
257	2	1024	8	32	64	2	16	0	0	0	4	8	64	2	16	0	53.157	0.6719	2.7933	0.6719	2.7933	0.67086	3.6112
259	2	1024	8	32	64	4	16	0	0	0	0	0	0	0	0	0	53.89	0.65934	2.8984	0	0	0	0	42.267
260	2	1024	8	32	64	4	16	0	0	0	4	8	64	2	16	0	53.89	0.65934	2.8984	0.65934	2.8984	0.65833	3.7325
262	2	1024	8	32	64	8	16	0	0	0	0	0	0	0	0	0	55.355	0.63546	3.1151	0	0	0	0	43.732
263	2	1024	8	32	64	8	16	0	0	0	4	8	64	2	16	0	55.355	0.63546	3.1151	0.63546	3.1151	0.63448	3.9821
264	2	1024	8	64	1	1	16	0	0	0	0	0	0	0	0	0	50.297	0.98203	1.6503	0	0	0	0	36.026
265	2	1024	8	64	1	1	16	0	0	0	8	8	1	1	16	2	51.652	0.98203	1.6503	1	1.9469	0.99692	2.3588
284	2	1024	8	64	2	1	16	0	0	0	0	0	0	0	0	0	50.828	0.97626	1.6713	0	0	0	0	36.261
285	2	1024	8	64	2	1	16	0	0	0	8	8	2	1	16	2	52.714	0.97626	1.6713	1	1.9744	0.99692	2.4091
286	2	1024	8	64	2	1	16	0	0	0	8	8	2	2	16	2	54.494	0.97626	1.6713	1	2.0234	0.99692	2.4935
287	2	1024	8	64	2	2	16	0	0	0	0	0	0	0	0	0	51.286	0.96736	1.7042	0	0	0	0	36.628
288	2	1024	8	64	2	2	16	0	0	0	8	8	2	1	16	2	52.877	0.96736	1.7042	1	1.982	0.99692	2.4168
289	2	1024	8	64	2	2	16	0	0	0	8	8	2	2	16	2	54.362	0.96736	1.7042	1	2.0173	0.99692	2.4872
306	2	1024	8	64	4	1	16	0	0	0	0	0	0	0	0	0	51.89	0.96482	1.7138	0	0	0	0	36.733
307	2	1024	8	64	4	1	16	0	0	0	8	8	4	1	16	2	54.837	0.96482	1.7138	1	2.0296	0.99692	2.5098
308	2	1024	8	64	4	1	16	0	0	0	8	8	4	2	16	2	57.207	0.96482	1.7138	1	2.1064	0.99692	2.6225
309	2	1024	8	64	4	2	16	0	0	0	0	0	0	0	0	0	52.348	0.95602	1.7473	0	0	0	0	37.1
310	2	1024	8	64	4	2	16	0	0	0	8	8	4	1	16	2	54.705	0.95602	1.7473	1	2.0234	0.99692	2.5035
311	2	1024	8	64	4	2	16	0	0	0	8	8	4	2	16	2	56.486	0.95602	1.7473	1	2.0725	0.99692	2.5881
312	2	1024	8	64	4	4	16	0	0	0	0	0	0	0	0	0	53.263	0.93867	1.8158	0	0	0	0	37.832
313	2	1024	8	64	4	4	16	0	0	0	8	8	4	1	16	2	55.326	0.93867	1.8158	1	2.0525	0.99692	2.533
314	2	1024	8	64	4	4	16	0	0	0	8	8	4	2	16	1	53.307	0.93867	1.8158	0.99999	1.9238	0.99692	2.4372
315	2	1024	8	64	4	4	16	0	0	0	8	8	4	2	16	2	56.811	0.93867	1.8158	1	2.0878	0.99692	2.6036
332	2	1024	8	64	8	1	16	0	0	0	0	0	0	0	0	0	50.679	0.94235	1.8011	0	0	0	0	37.677
333	2	1024	8	64	8	1	16	0	0	0	8	8	8	1	16	1	55.468	0.94235	1.8011	0.99999	1.9708	0.99691	2.5397
334	2	1024	8	64	8	1	16	0	0	0	8	8	8	1	16	2	59.084	0.94235	1.8011	1	2.1402	0.99692	2.7119
335	2	1024	8	64	8	1	16	0	0	0	8	8	8	2	16	1	58.735	0.94235	1.8011	0.99999	2.0895	0.99692	2.6953
336	2	1024	8	64	8	1	16	0	0	0	8	8	8	2	16	2	62.633	0.94235	1.8011	1	2.2727	0.99692	2.8815
337	2	1024	8	64	8	2	16	0	0	0	0	0	0	0	0	0	51.091	0.93375	1.8359	0	0	0	0	38.043
338	2	1024	8	64	8	2	16	0	0	0	8	8	8	1	16	1	54.818	0.93375	1.8359	0.99999	1.9405	0.99691	2.5089
339	2	1024	8	64	8	2	16	0	0	0	8	8	8	1	16	2	58.362	0.93375	1.8359	1	2.1064	0.99692	2.6775
340	2	1024	8	64	8	2	16	0	0	0	8	8	8	2	16	1	57.024	0.93375	1.8359	0.99999	2.0094	0.99692	2.6138
341	2	1024	8	64	8	2	16	0	0	0	8	8	8	2	16	2	60.732	0.93375	1.8359	1	2.1833	0.99692	2.7905
343	2	1024	8	64	8	4	16	0	0	0	0	0	0	0	0	0	50.736	0.9168	1.907	0	0	0	0	38.776
344	2	1024	8	64	8	4	16	0	0	0	4	8	8	2	16	2	50.736	0.9168	1.907	0.99986	2.0728	0.99832	2.3122
345	2	1024	8	64	8	4	16	0	0	0	8	8	8	1	16	1	55.111	0.9168	1.907	0.99999	1.9542	0.99691	2.5228
346	2	1024	8	64	8	4	16	0	0	0	8	8	8	1	16	2	58.688	0.9168	1.907	1	2.1217	0.99692	2.693
347	2	1024	8	64	8	4	16	0	0	0	8	8	8	2	16	1	56.787	0.9168	1.907	0.99999	1.9983	0.99692	2.6025
348	2	1024	8	64	8	4	16	0	0	0	8	8	8	2	16	2	60.468	0.9168	1.907	1	2.1709	0.99692	2.7779
350	2	1024	8	64	8	8	16	0	0	0	0	0	0	0	0	0	52.568	0.88383	2.0553	0	0	0	0	40.241
351	2	1024	8	64	8	8	16	0	0	0	4	8	8	2	16	2	52.568	0.88383	2.0553	0.9996	2.1593	0.99806	2.3994
352	2	1024	8	64	8	8	16	0	0	0	8	8	8	1	16	1	56.494	0.88383	2.0553	0.99999	2.0189	0.99691	2.5885
353	2	1024	8	64	8	8	16	0	0	0	8	8	8	2	16	0	54.098	0.88383	2.0553	0.99692	1.8784	0.99385	2.4824
354	2	1024	8	64	8	8	16	0	0	0	8	8	8	2	16	1	57.904	0.88383	2.0553	0.99999	2.0506	0.99692	2.6557
362	2	1024	8	64	16	1	16	0	0	0	0	0	0	0	0	0	52.666	0.89903	1.9855	0	0	0	0	39.564
363	2	1024	8	64	16	1	16	0	0	0	4	8	16	2	16	2	52.666	0.89903	1.9855	0.99974	2.1193	0.9982	2.4037
364	2	1024	8	64	16	1	16	0	0	0	8	8	16	1	16	0	59.401	0.89903	1.9855	0.99561	1.9869	0.99254	2.739
365	2	1024	8	64	16	1	16	0	0	0	8	8	16	1	16	1	63.489	0.89903	1.9855	0.99999	2.1699	0.99691	2.9224
366	2	1024	8	64	16	1	16	0	0	0	8	8	16	2	16	0	64.274	0.89903	1.9855	0.9969	2.1791	0.99384	2.9692
367	2	1024	8	64	16	1	16	0	0	0	8	8	16	2	16	1	68.88	0.89903	1.9855	0.99999	2.3893	0.99692	3.1813
369	2	1024	8	64	16	2	16	0	0	0	0	0	0	0	0	0	53.124	0.89077	2.023	0	0	0	0	39.931
370	2	1024	8	64	16	2	16	0	0	0	4	8	16	2	16	2	53.124	0.89077	2.023	0.99967	2.141	0.99813	2.4255
371	2	1024	8	64	16	2	16	0	0	0	8	8	16	1	16	0	57.88	0.89077	2.023	0.99575	1.9153	0.99269	2.6658
372	2	1024	8	64	16	2	16	0	0	0	8	8	16	1	16	1	61.778	0.89077	2.023	0.99999	2.0895	0.99691	2.8405
373	2	1024	8	64	16	2	16	0	0	0	8	8	16	2	16	0	60.866	0.89077	2.023	0.99691	2.0187	0.99384	2.8056
374	2	1024	8	64	16	2	16	0	0	0	8	8	16	2	16	1	65.045	0.89077	2.023	0.99999	2.2086	0.99692	2.997
377	2	1024	8	64	16	4	16	0	0	0	0	0	0	0	0	0	50.331	0.87458	2.0995	0	0	0	0	40.663
378	2	1024	8	64	16	4	16	0	0	0	4	8	16	2	16	1	50.331	0.87458	2.0995	0.99081	2.028	0.98928	2.3141
379	2	1024	8	64	16	4	16	0	0	0	4	8	16	2	16	2	54.039	0.87458	2.0995	0.9995	2.1844	0.99796	2.4693
380	2	1024	8	64	16	4	16	0	0	0	8	8	16	1	16	0	57.668	0.87458	2.0995	0.9956	1.9057	0.99254	2.6561
381	2	1024	8	64	16	4	16	0	0	0	8	8	16	1	16	1	61.54	0.87458	2.0995	0.99999	2.0784	0.99691	2.8292
382	2	1024	8	64	16	4	16	0	0	0	8	8	16	2	16	0	59.711	0.87458	2.0995	0.99691	1.9645	0.99384	2.7503
385	2	1024	8	64	16	8	16	0	0	0	0	0	0	0	0	0	51.98	0.84312	2.2589	0	0	0	0	42.128
386	2	1024	8	64	16	8	16	0	0	0	4	8	16	2	16	1	51.98	0.84312	2.2589	0.98547	2.1173	0.98395	2.4056
387	2	1024	8	64	16	8	16	0	0	0	4	8	16	2	16	2	55.871	0.84312	2.2589	0.99899	2.2717	0.99745	2.5575
388	2	1024	8	64	16	8	16	0	0	0	8	8	16	1	16	0	58.662	0.84312	2.2589	0.99498	1.9535	0.99192	2.7053
389	2	1024	8	64	16	8	16	0	0	0	8	8	16	2	16	0	60.232	0.84312	2.2589	0.9969	1.989	0.99384	2.7753
392	2	1024	8	64	16	16	16	0	0	0	0	0	0	0	0	0	51.019	0.78356	2.6055	0	0	0	0	45.058
393	2	1024	8	64	16	16	16	0	0	0	4	8	16	2	16	0	51.019	0.78356	2.6055	0.78356	2.6055	0.78236	2.9675
394	2	1024	8	64	16	16	16	0	0	0	4	8	16	2	16	1	55.276	0.78356	2.6055	0.97179	2.3065	0.9703	2.6001
397	2	1024	8	64	32	1	16	0	0	0	0	0	0	0	0	0	51.187	0.81843	2.3962	0	0	0	0	43.339
398	2	1024	8	64	32	1	16	0	0	0	4	8	32	2	16	0	51.187	0.81843	2.3962	0.81843	2.3962	0.81717	2.8508
399	2	1024	8	64	32	1	16	0	0	0	4	8	32	2	16	1	55.229	0.81843	2.3962	0.98038	2.1935	0.97887	2.575
402	2	1024	8	64	32	2	16	0	0	0	0	0	0	0	0	0	51.553	0.81075	2.44	0	0	0	0	43.705
403	2	1024	8	64	32	2	16	0	0	0	4	8	32	2	16	0	51.553	0.81075	2.44	0.81075	2.44	0.8095	2.8991
404	2	1024	8	64	32	2	16	0	0	0	4	8	32	2	16	1	55.641	0.81075	2.44	0.97863	2.2172	0.97712	2.5996
406	2	1024	8	64	32	4	16	0	0	0	0	0	0	0	0	0	52.286	0.79593	2.5285	0	0	0	0	44.438
407	2	1024	8	64	32	4	16	0	0	0	4	8	32	2	16	0	52.286	0.79593	2.5285	0.79593	2.5285	0.7947	2.9966
409	2	1024	8	64	32	8	16	0	0	0	0	0	0	0	0	0	53.751	0.76725	2.7124	0	0	0	0	45.903
410	2	1024	8	64	32	8	16	0	0	0	4	8	32	2	16	0	53.751	0.76725	2.7124	0.76725	2.7124	0.76607	3.199
438	2	1024	12	8	16	4	16	0	0	0	0	0	0	0	0	0	50.474	0.8179	1.6403	0	0	0	0	29.98
439	2	1024	12	8	16	4	16	0	0	0	12	8	16	1	16	2	58.978	0.8179	1.6403	1	1.5933	0.99539	2.711
440	2	1024	12	8	16	4	16	0	0	0	12	8	16	2	16	2	62.37	0.8179	1.6403	1	1.6996	0.99539	2.8733
441	2	1024	12	8	16	8	16	0	0	0	0	0	0	0	0	0	51.274	0.77416	1.8637	0	0	0	0	32.177
442	2	1024	12	8	16	8	16	0	0	0	12	8	16	1	16	1	58.847	0.77416	1.8637	0.99997	1.5873	0.99536	2.7048
443	2	1024	12	8	16	8	16	0	0	0	12	8	16	1	16	2	60.717	0.77416	1.8637	1	1.6739	0.99539	2.7941
444	2	1024	12	8	16	8	16	0	0	0	12	8	16	2	16	0	59.333	0.77416	1.8637	0.99536	1.5662	0.99077	2.7407
445	2	1024	12	8	16	8	16	0	0	0	12	8	16	2	16	1	61.308	0.77416	1.8637	0.99999	1.6504	0.99537	2.8224
446	2	1024	12	8	16	8	16	0	0	0	12	8	16	2	16	2	63.282	0.77416	1.8637	1	1.742	0.99539	2.917
447	2	1024	12	8	16	16	16	0	0	0	0	0	0	0	0	0	53.904	0.6936	2.3732	0	0	0	0	36.573
448	2	1024	12	8	16	16	16	0	0	0	12	8	16	1	16	0	61.019	0.6936	2.3732	0.98977	1.7054	0.9852	2.8376
449	2	1024	12	8	16	16	16	0	0	0	12	8	16	2	16	0	63.021	0.6936	2.3732	0.99532	1.738	0.99073	2.9181
452	2	1024	12	8	32	2	16	0	0	0	0	0	0	0	0	0	50.238	0.73001	2.1261	0	0	0	0	34.543
453	2	1024	12	8	32	2	16	0	0	0	6	8	32	2	16	2	50.238	0.73001	2.1261	0.9949	1.7429	0.99261	2.3019
455	2	1024	12	8	32	4	16	0	0	0	0	0	0	0	0	0	51.52	0.71008	2.2573	0	0	0	0	35.642
456	2	1024	12	8	32	4	16	0	0	0	6	8	32	2	16	2	51.52	0.71008	2.2573	0.99358	1.8052	0.99129	2.3659
459	2	1024	12	8	32	8	16	0	0	0	0	0	0	0	0	0	51.848	0.67206	2.5367	0	0	0	0	37.839
460	2	1024	12	8	32	8	16	0	0	0	6	8	32	2	16	1	51.848	0.67206	2.5367	0.93477	1.9351	0.93261	2.5313
461	2	1024	12	8	32	8	16	0	0	0	6	8	32	2	16	2	54.084	0.67206	2.5367	0.99039	1.9317	0.9881	2.4961
463	2	1024	12	8	32	16	16	0	0	0	0	0	0	0	0	0	54.006	0.6021	3.1714	0	0	0	0	42.235
464	2	1024	12	8	32	16	16	0	0	0	6	8	32	2	16	0	54.006	0.6021	3.1714	0.6021	3.1714	0.60071	4.0997
488	2	1024	12	16	8	8	16	0	0	0	0	0	0	0	0	0	51.157	0.8309	1.7816	0	0	0	0	32.991
489	2	1024	12	16	8	8	16	0	0	0	12	8	8	1	16	2	55.591	0.8309	1.7816	1	1.6988	0.99539	2.5495
490	2	1024	12	16	8	8	16	0	0	0	12	8	8	2	16	2	57.744	0.8309	1.7816	1	1.7478	0.99539	2.6521
497	2	1024	12	16	16	1	16	0	0	0	0	0	0	0	0	0	51.056	0.85243	1.6817	0	0	0	0	31.976
498	2	1024	12	16	16	1	16	0	0	0	12	8	16	1	16	1	63.997	0.85243	1.6817	0.99998	1.8265	0.99536	2.9514
499	2	1024	12	16	16	1	16	0	0	0	12	8	16	1	16	2	66.262	0.85243	1.6817	1	1.9321	0.99539	3.0602
500	2	1024	12	16	16	1	16	0	0	0	12	8	16	2	16	1	71.825	0.85243	1.6817	0.99999	2.1412	0.99537	3.3284
501	2	1024	12	16	16	1	16	0	0	0	12	8	16	2	16	2	74.608	0.85243	1.6817	1	2.272	0.99539	3.4632
502	2	1024	12	16	16	2	16	0	0	0	0	0	0	0	0	0	51.651	0.84072	1.7353	0	0	0	0	32.526
503	2	1024	12	16	16	2	16	0	0	0	12	8	16	1	16	1	61.525	0.84072	1.7353	0.99998	1.7115	0.99536	2.8329
504	2	1024	12	16	16	2	16	0	0	0	12	8	16	1	16	2	63.6	0.84072	1.7353	1	1.808	0.99539	2.9323
505	2	1024	12	16	16	2	16	0	0	0	12	8	16	2	16	0	63.929	0.84072	1.7353	0.99537	1.7803	0.99078	2.9617
506	2	1024	12	16	16	2	16	0	0	0	12	8	16	2	16	1	66.286	0.84072	1.7353	0.99999	1.8819	0.99537	3.0613
507	2	1024	12	16	16	2	16	0	0	0	12	8	16	2	16	2	68.643	0.84072	1.7353	1	1.9921	0.99539	3.1748
508	2	1024	12	16	16	4	16	0	0	0	0	0	0	0	0	0	50.956	0.8179	1.8457	0	0	0	0	33.625
509	2	1024	12	16	16	4	16	0	0	0	12	8	16	1	16	0	59.133	0.8179	1.8457	0.99341	1.6111	0.98883	2.7364
510	2	1024	12	16	16	4	16	0	0	0	12	8	16	1	16	1	61.182	0.8179	1.8457	0.99998	1.6956	0.99536	2.8164
511	2	1024	12	16	16	4	16	0	0	0	12	8	16	1	16	2	63.231	0.8179	1.8457	1	1.7908	0.99539	2.9145
512	2	1024	12	16	16	4	16	0	0	0	12	8	16	2	16	0	62.196	0.8179	1.8457	0.99537	1.6995	0.99078	2.8783
513	2	1024	12	16	16	4	16	0	0	0	12	8	16	2	16	1	64.409	0.8179	1.8457	0.99999	1.7945	0.99537	2.9711
514	2	1024	12	16	16	4	16	0	0	0	12	8	16	2	16	2	66.622	0.8179	1.8457	1	1.8976	0.99539	3.0775
515	2	1024	12	16	16	8	16	0	0	0	0	0	0	0	0	0	53.154	0.77416	2.0813	0	0	0	0	35.822
516	2	1024	12	16	16	8	16	0	0	0	12	8	16	1	16	0	60.622	0.77416	2.0813	0.99249	1.6822	0.98791	2.8107
517	2	1024	12	16	16	8	16	0	0	0	12	8	16	1	16	1	62.796	0.77416	2.0813	0.99997	1.7706	0.99536	2.8938
518	2	1024	12	16	16	8	16	0	0	0	12	8	16	2	16	0	62.978	0.77416	2.0813	0.99536	1.736	0.99077	2.916
519	2	1024	12	16	16	8	16	0	0	0	12	8	16	2	16	1	65.257	0.77416	2.0813	0.99999	1.834	0.99537	3.0118
522	2	1024	12	16	16	16	16	0	0	0	0	0	0	0	0	0	51.593	0.6936	2.6174	0	0	0	0	40.218
523	2	1024	12	16	16	16	16	0	0	0	6	8	16	2	16	1	51.593	0.6936	2.6174	0.94353	2.0444	0.94135	2.4951
524	2	1024	12	16	16	16	16	0	0	0	6	8	16	2	16	2	54.028	0.6936	2.6174	0.99231	2.0587	0.99002	2.4886
527	2	1024	12	16	32	1	16	0	0	0	0	0	0	0	0	0	51.63	0.74041	2.2899	0	0	0	0	37.639
528	2	1024	12	16	32	1	16	0	0	0	6	8	32	2	16	1	51.63	0.74041	2.2899	0.96018	1.8733	0.95796	2.4536
529	2	1024	12	16	32	1	16	0	0	0	6	8	32	2	16	2	53.85	0.74041	2.2899	0.99551	1.9108	0.99321	2.4721
532	2	1024	12	16	32	2	16	0	0	0	0	0	0	0	0	0	52.225	0.73001	2.3575	0	0	0	0	38.188
533	2	1024	12	16	32	2	16	0	0	0	6	8	32	2	16	1	52.225	0.73001	2.3575	0.95676	1.909	0.95455	2.4918
534	2	1024	12	16	32	2	16	0	0	0	6	8	32	2	16	2	54.491	0.73001	2.3575	0.9949	1.942	0.99261	2.5042
538	2	1024	12	16	32	4	16	0	0	0	0	0	0	0	0	0	51.058	0.71008	2.4956	0	0	0	0	39.287
539	2	1024	12	16	32	4	16	0	0	0	6	8	32	2	16	0	51.058	0.71008	2.4956	0.71008	2.4956	0.70844	3.2797
540	2	1024	12	16	32	4	16	0	0	0	6	8	32	2	16	1	53.416	0.71008	2.4956	0.94976	1.9815	0.94757	2.5695
541	2	1024	12	16	32	4	16	0	0	0	6	8	32	2	16	2	55.773	0.71008	2.4956	0.99358	2.0049	0.99129	2.5687
544	2	1024	12	16	32	8	16	0	0	0	0	0	0	0	0	0	53.256	0.67206	2.7892	0	0	0	0	41.484
545	2	1024	12	16	32	8	16	0	0	0	6	8	32	2	16	0	53.256	0.67206	2.7892	0.67206	2.7892	0.67051	3.62
546	2	1024	12	16	32	8	16	0	0	0	6	8	32	2	16	1	55.796	0.67206	2.7892	0.93477	2.1322	0.93261	2.7316
564	2	1024	12	32	2	1	16	0	0	0	0	0	0	0	0	0	50.575	0.9646	1.5979	0	0	0	0	34.312
565	2	1024	12	32	2	1	16	0	0	0	12	8	2	1	16	2	53.299	0.9646	1.5979	1	1.7897	0.99539	2.4405
566	2	1024	12	32	2	1	16	0	0	0	12	8	2	2	16	2	55.864	0.9646	1.5979	1	1.858	0.99539	2.5625
567	2	1024	12	32	2	2	16	0	0	0	0	0	0	0	0	0	51.216	0.95144	1.6468	0	0	0	0	34.862
568	2	1024	12	32	2	2	16	0	0	0	12	8	2	1	16	2	53.527	0.95144	1.6468	1	1.8003	0.99539	2.4514
569	2	1024	12	32	2	2	16	0	0	0	12	8	2	2	16	2	55.679	0.95144	1.6468	1	1.8494	0.99539	2.5537
586	2	1024	12	32	4	1	16	0	0	0	0	0	0	0	0	0	50.107	0.94769	1.661	0	0	0	0	35.02
587	2	1024	12	32	4	1	16	0	0	0	12	8	4	1	16	1	54.2	0.94769	1.661	0.99999	1.7658	0.99537	2.4834
588	2	1024	12	32	4	1	16	0	0	0	12	8	4	1	16	2	56.366	0.94769	1.661	1	1.8666	0.99539	2.5864
589	2	1024	12	32	4	1	16	0	0	0	12	8	4	2	16	1	57.428	0.94769	1.661	0.99999	1.8649	0.99537	2.637
590	2	1024	12	32	4	1	16	0	0	0	12	8	4	2	16	2	59.757	0.94769	1.661	1	1.9737	0.99539	2.7482
591	2	1024	12	32	4	2	16	0	0	0	0	0	0	0	0	0	50.702	0.93476	1.7112	0	0	0	0	35.569
592	2	1024	12	32	4	2	16	0	0	0	12	8	4	1	16	1	54.029	0.93476	1.7112	0.99999	1.7578	0.99537	2.4752
593	2	1024	12	32	4	2	16	0	0	0	12	8	4	1	16	2	56.181	0.93476	1.7112	1	1.858	0.99539	2.5776
594	2	1024	12	32	4	2	16	0	0	0	12	8	4	2	16	1	56.489	0.93476	1.7112	0.99999	1.8212	0.99537	2.5923
595	2	1024	12	32	4	2	16	0	0	0	12	8	4	2	16	2	58.746	0.93476	1.7112	1	1.9264	0.99539	2.6999
596	2	1024	12	32	4	4	16	0	0	0	0	0	0	0	0	0	51.892	0.90943	1.8148	0	0	0	0	36.668
597	2	1024	12	32	4	4	16	0	0	0	12	8	4	1	16	1	54.836	0.90943	1.8148	0.99999	1.7953	0.99537	2.5136
598	2	1024	12	32	4	4	16	0	0	0	12	8	4	1	16	2	57.05	0.90943	1.8148	1	1.8985	0.99539	2.619
599	2	1024	12	32	4	4	16	0	0	0	12	8	4	2	16	0	54.623	0.90943	1.8148	0.99538	1.7424	0.99079	2.5151
600	2	1024	12	32	4	4	16	0	0	0	12	8	4	2	16	1	56.913	0.90943	1.8148	0.99999	1.8409	0.99537	2.6125
601	2	1024	12	32	4	4	16	0	0	0	12	8	4	2	16	2	59.203	0.90943	1.8148	1	1.9478	0.99539	2.7217
613	2	1024	12	32	8	1	16	0	0	0	0	0	0	0	0	0	50.936	0.91479	1.7924	0	0	0	0	36.435
614	2	1024	12	32	8	1	16	0	0	0	12	8	8	1	16	0	57.697	0.91479	1.7924	0.9948	1.8061	0.99021	2.6637
615	2	1024	12	32	8	1	16	0	0	0	12	8	8	1	16	1	60.098	0.91479	1.7924	0.99999	1.9087	0.99537	2.7646
616	2	1024	12	32	8	1	16	0	0	0	12	8	8	1	16	2	62.499	0.91479	1.7924	1	2.0209	0.99539	2.8795
617	2	1024	12	32	8	1	16	0	0	0	12	8	8	2	16	0	62.176	0.91479	1.7924	0.99538	1.9635	0.99079	2.8773
618	2	1024	12	32	8	1	16	0	0	0	12	8	8	2	16	1	64.859	0.91479	1.7924	0.99999	2.08	0.99537	2.9927
619	2	1024	12	32	8	1	16	0	0	0	12	8	8	2	16	2	67.542	0.91479	1.7924	1	2.206	0.99539	3.1218
620	2	1024	12	32	8	2	16	0	0	0	0	0	0	0	0	0	51.485	0.90229	1.8455	0	0	0	0	36.985
621	2	1024	12	32	8	2	16	0	0	0	12	8	8	1	16	0	56.831	0.90229	1.8455	0.99479	1.7656	0.9902	2.6222
622	2	1024	12	32	8	2	16	0	0	0	12	8	8	1	16	1	59.16	0.90229	1.8455	0.99999	1.8649	0.99537	2.7197
623	2	1024	12	32	8	2	16	0	0	0	12	8	8	1	16	2	61.489	0.90229	1.8455	1	1.9737	0.99539	2.8311
624	2	1024	12	32	8	2	16	0	0	0	12	8	8	2	16	0	59.894	0.90229	1.8455	0.99538	1.8565	0.99079	2.7676
625	2	1024	12	32	8	2	16	0	0	0	12	8	8	2	16	1	62.387	0.90229	1.8455	0.99999	1.9643	0.99537	2.8741
626	2	1024	12	32	8	4	16	0	0	0	0	0	0	0	0	0	50.123	0.87783	1.955	0	0	0	0	38.084
627	2	1024	12	32	8	4	16	0	0	0	6	8	8	2	16	2	50.123	0.87783	1.955	0.99958	1.9272	0.99727	2.2856
628	2	1024	12	32	8	4	16	0	0	0	12	8	8	1	16	0	57.222	0.87783	1.955	0.99457	1.7843	0.98998	2.6415
629	2	1024	12	32	8	4	16	0	0	0	12	8	8	1	16	1	59.583	0.87783	1.955	0.99998	1.8847	0.99537	2.74
630	2	1024	12	32	8	4	16	0	0	0	12	8	8	2	16	0	59.578	0.87783	1.955	0.99538	1.8417	0.99079	2.7524
631	2	1024	12	32	8	4	16	0	0	0	12	8	8	2	16	1	62.044	0.87783	1.955	0.99999	1.9483	0.99537	2.8577
633	2	1024	12	32	8	8	16	0	0	0	0	0	0	0	0	0	50.246	0.8309	2.1885	0	0	0	0	40.281
634	2	1024	12	32	8	8	16	0	0	0	6	8	8	2	16	1	50.246	0.8309	2.1885	0.98364	1.9644	0.98137	2.3286
635	2	1024	12	32	8	8	16	0	0	0	6	8	8	2	16	2	52.686	0.8309	2.1885	0.99885	2.0487	0.99654	2.4087
636	2	1024	12	32	8	8	16	0	0	0	12	8	8	1	16	0	59.065	0.8309	2.1885	0.99388	1.872	0.98929	2.7319
637	2	1024	12	32	8	8	16	0	0	0	12	8	8	2	16	0	61.068	0.8309	2.1885	0.99538	1.9115	0.99078	2.824
644	2	1024	12	32	16	1	16	0	0	0	0	0	0	0	0	0	50.562	0.85243	2.0778	0	0	0	0	39.266
645	2	1024	12	32	16	1	16	0	0	0	6	8	16	2	16	1	50.562	0.85243	2.0778	0.98763	1.9045	0.98535	2.3343
646	2	1024	12	32	16	1	16	0	0	0	6	8	16	2	16	2	52.918	0.85243	2.0778	0.99925	1.9924	0.99694	2.4187
649	2	1024	12	32	16	2	16	0	0	0	0	0	0	0	0	0	51.158	0.84072	2.1371	0	0	0	0	39.816
650	2	1024	12	32	16	2	16	0	0	0	6	8	16	2	16	1	51.158	0.84072	2.1371	0.98553	1.9367	0.98326	2.3678
651	2	1024	12	32	16	2	16	0	0	0	6	8	16	2	16	2	53.559	0.84072	2.1371	0.99904	2.0229	0.99674	2.4496
654	2	1024	12	32	16	4	16	0	0	0	0	0	0	0	0	0	52.348	0.8179	2.2593	0	0	0	0	40.915
655	2	1024	12	32	16	4	16	0	0	0	6	8	16	2	16	1	52.348	0.8179	2.2593	0.98094	2.0025	0.97867	2.4363
656	2	1024	12	32	16	4	16	0	0	0	6	8	16	2	16	2	54.841	0.8179	2.2593	0.99855	2.084	0.99624	2.5117
659	2	1024	12	32	16	8	16	0	0	0	0	0	0	0	0	0	52.053	0.77416	2.5195	0	0	0	0	43.112
660	2	1024	12	32	16	8	16	0	0	0	6	8	16	2	16	0	52.053	0.77416	2.5195	0.77416	2.5195	0.77237	3.069
661	2	1024	12	32	16	8	16	0	0	0	6	8	16	2	16	1	54.729	0.77416	2.5195	0.97023	2.1394	0.96799	2.5795
667	2	1024	12	64	2	1	16	0	0	0	0	0	0	0	0	0	55.355	0.9646	2.303	0	0	0	0	48.892
668	2	1024	12	64	2	1	16	0	0	0	6	8	2	2	16	0	55.355	0.9646	2.303	0.9646	2.303	0.96237	2.6254
670	2	1024	12	64	2	2	16	0	0	0	0	0	0	0	0	0	55.905	0.95144	2.3621	0	0	0	0	49.442
671	2	1024	12	64	2	2	16	0	0	0	6	8	2	2	16	0	55.905	0.95144	2.3621	0.95144	2.3621	0.94924	2.6891
686	2	1024	16	8	4	4	16	0	0	0	0	0	0	0	0	0	50.546	0.88111	1.5574	0	0	0	0	30.644
687	2	1024	16	8	4	4	16	0	0	0	16	8	4	1	16	2	54.521	0.88111	1.5574	1	1.548	0.99385	2.5025
688	2	1024	16	8	4	4	16	0	0	0	16	8	4	2	16	1	55.963	0.88111	1.5574	0.99998	1.5469	0.99383	2.5712
689	2	1024	16	8	4	4	16	0	0	0	16	8	4	2	16	2	57.341	0.88111	1.5574	1	1.6107	0.99385	2.6369
699	2	1024	16	8	8	1	16	0	0	0	0	0	0	0	0	0	50.876	0.88803	1.5291	0	0	0	0	30.334
700	2	1024	16	8	8	1	16	0	0	0	16	8	8	1	16	1	60.172	0.88803	1.5291	0.99997	1.6349	0.99383	2.7724
701	2	1024	16	8	8	1	16	0	0	0	16	8	8	1	16	2	61.663	0.88803	1.5291	1	1.704	0.99385	2.8438
702	2	1024	16	8	8	1	16	0	0	0	16	8	8	2	16	0	64.655	0.88803	1.5291	0.99385	1.786	0.98774	3.006
703	2	1024	16	8	8	1	16	0	0	0	16	8	8	2	16	1	66.427	0.88803	1.5291	0.99998	1.8575	0.99383	3.0728
704	2	1024	16	8	8	1	16	0	0	0	16	8	8	2	16	2	68.198	0.88803	1.5291	1	1.9402	0.99385	3.1582
705	2	1024	16	8	8	2	16	0	0	0	0	0	0	0	0	0	50.4	0.87189	1.5961	0	0	0	0	31.066
706	2	1024	16	8	8	2	16	0	0	0	16	8	8	1	16	0	57.528	0.87189	1.5961	0.99306	1.523	0.98695	2.6643
707	2	1024	16	8	8	2	16	0	0	0	16	8	8	1	16	1	58.945	0.87189	1.5961	0.99997	1.5781	0.99383	2.7137
708	2	1024	16	8	8	2	16	0	0	0	16	8	8	1	16	2	60.363	0.87189	1.5961	1	1.6437	0.99385	2.7815
709	2	1024	16	8	8	2	16	0	0	0	16	8	8	2	16	0	61.613	0.87189	1.5961	0.99385	1.6438	0.98774	2.859
710	2	1024	16	8	8	2	16	0	0	0	16	8	8	2	16	1	63.194	0.87189	1.5961	0.99998	1.7071	0.99383	2.9173
711	2	1024	16	8	8	2	16	0	0	0	16	8	8	2	16	2	64.776	0.87189	1.5961	1	1.7806	0.99385	2.9933
712	2	1024	16	8	8	4	16	0	0	0	0	0	0	0	0	0	51.866	0.84052	1.736	0	0	0	0	32.532
713	2	1024	16	8	8	4	16	0	0	0	16	8	8	1	16	0	58.049	0.84052	1.736	0.99277	1.5477	0.98667	2.6902
714	2	1024	16	8	8	4	16	0	0	0	16	8	8	1	16	1	59.499	0.84052	1.736	0.99997	1.6037	0.99382	2.7402
715	2	1024	16	8	8	4	16	0	0	0	16	8	8	1	16	2	60.95	0.84052	1.736	1	1.6709	0.99385	2.8096
716	2	1024	16	8	8	4	16	0	0	0	16	8	8	2	16	0	61.19	0.84052	1.736	0.99385	1.6241	0.98774	2.8386
717	2	1024	16	8	8	4	16	0	0	0	16	8	8	2	16	1	62.746	0.84052	1.736	0.99998	1.6863	0.99383	2.8958
718	2	1024	16	8	8	4	16	0	0	0	16	8	8	2	16	2	64.301	0.84052	1.736	1	1.7585	0.99385	2.9705
719	2	1024	16	8	8	8	16	0	0	0	0	0	0	0	0	0	54.796	0.78115	2.0413	0	0	0	0	35.462
720	2	1024	16	8	8	8	16	0	0	0	16	8	8	1	16	0	60.507	0.78115	2.0413	0.99185	1.6639	0.98575	2.8113
721	2	1024	16	8	8	8	16	0	0	0	16	8	8	2	16	0	63.177	0.78115	2.0413	0.99384	1.7168	0.98773	2.9345
729	2	1024	16	8	16	4	16	0	0	0	0	0	0	0	0	0	51.39	0.76489	2.1359	0	0	0	0	36.306
730	2	1024	16	8	16	4	16	0	0	0	8	8	16	2	16	2	51.39	0.76489	2.1359	0.9969	1.7862	0.99383	2.3537
734	2	1024	16	8	16	8	16	0	0	0	0	0	0	0	0	0	51.157	0.71084	2.4897	0	0	0	0	39.236
735	2	1024	16	8	16	8	16	0	0	0	8	8	16	2	16	0	51.157	0.71084	2.4897	0.71084	2.4897	0.70866	3.2853
736	2	1024	16	8	16	8	16	0	0	0	8	8	16	2	16	1	52.922	0.71084	2.4897	0.95089	1.9476	0.94796	2.5438
737	2	1024	16	8	16	8	16	0	0	0	8	8	16	2	16	2	54.687	0.71084	2.4897	0.99395	1.9461	0.99089	2.5179
738	2	1024	16	16	1	1	16	0	0	0	0	0	0	0	0	0	50.533	0.96438	1.4824	0	0	0	0	31.891
739	2	1024	16	16	1	1	16	0	0	0	16	8	1	1	16	2	53.093	0.96438	1.4824	1	1.6129	0.99385	2.4345
761	2	1024	16	16	2	1	16	0	0	0	0	0	0	0	0	0	50.201	0.95308	1.5228	0	0	0	0	32.363
762	2	1024	16	16	2	1	16	0	0	0	16	8	2	1	16	1	53.658	0.95308	1.5228	0.99998	1.5954	0.99383	2.4615
763	2	1024	16	16	2	1	16	0	0	0	16	8	2	1	16	2	55.098	0.95308	1.5228	1	1.6621	0.99385	2.53
764	2	1024	16	16	2	1	16	0	0	0	16	8	2	2	16	1	56.904	0.95308	1.5228	0.99998	1.678	0.99383	2.6161
765	2	1024	16	16	2	1	16	0	0	0	16	8	2	2	16	2	58.449	0.95308	1.5228	1	1.7497	0.99385	2.6899
766	2	1024	16	16	2	2	16	0	0	0	0	0	0	0	0	0	50.979	0.93578	1.5871	0	0	0	0	33.095
767	2	1024	16	16	2	2	16	0	0	0	16	8	2	1	16	1	53.935	0.93578	1.5871	0.99998	1.6082	0.99383	2.4746
768	2	1024	16	16	2	2	16	0	0	0	16	8	2	1	16	2	55.391	0.93578	1.5871	1	1.6757	0.99385	2.5439
769	2	1024	16	16	2	2	16	0	0	0	16	8	2	2	16	0	55.148	0.93578	1.5871	0.99385	1.6064	0.98774	2.548
770	2	1024	16	16	2	2	16	0	0	0	16	8	2	2	16	1	56.68	0.93578	1.5871	0.99998	1.6676	0.99383	2.6054
771	2	1024	16	16	2	2	16	0	0	0	16	8	2	2	16	2	58.211	0.93578	1.5871	1	1.7386	0.99385	2.6785
786	2	1024	16	16	4	1	16	0	0	0	0	0	0	0	0	0	50.753	0.93087	1.6059	0	0	0	0	33.307
787	2	1024	16	16	4	1	16	0	0	0	16	8	4	1	16	0	55.993	0.93087	1.6059	0.99359	1.6265	0.98748	2.5892
788	2	1024	16	16	4	1	16	0	0	0	16	8	4	1	16	1	57.551	0.93087	1.6059	0.99998	1.6884	0.99383	2.647
789	2	1024	16	16	4	1	16	0	0	0	16	8	4	1	16	2	59.109	0.93087	1.6059	1	1.7607	0.99385	2.7214
790	2	1024	16	16	4	1	16	0	0	0	16	8	4	2	16	0	60.078	0.93087	1.6059	0.99385	1.7484	0.98774	2.7849
791	2	1024	16	16	4	1	16	0	0	0	16	8	4	2	16	1	61.8	0.93087	1.6059	0.99998	1.8178	0.99383	2.8504
792	2	1024	16	16	4	1	16	0	0	0	16	8	4	2	16	2	63.521	0.93087	1.6059	1	1.8981	0.99385	2.933
793	2	1024	16	16	4	2	16	0	0	0	0	0	0	0	0	0	51.486	0.91398	1.6726	0	0	0	0	34.039
794	2	1024	16	16	4	2	16	0	0	0	16	8	4	1	16	0	55.782	0.91398	1.6726	0.99353	1.6168	0.98742	2.5792
795	2	1024	16	16	4	2	16	0	0	0	16	8	4	1	16	1	57.327	0.91398	1.6726	0.99998	1.678	0.99383	2.6363
796	2	1024	16	16	4	2	16	0	0	0	16	8	4	1	16	2	58.871	0.91398	1.6726	1	1.7497	0.99385	2.7101
797	2	1024	16	16	4	2	16	0	0	0	16	8	4	2	16	0	58.923	0.91398	1.6726	0.99385	1.6945	0.98774	2.7293
798	2	1024	16	16	4	2	16	0	0	0	16	8	4	2	16	1	60.573	0.91398	1.6726	0.99998	1.7607	0.99383	2.7916
799	2	1024	16	16	4	2	16	0	0	0	16	8	4	2	16	2	62.222	0.91398	1.6726	1	1.8375	0.99385	2.8706
800	2	1024	16	16	4	4	16	0	0	0	0	0	0	0	0	0	52.951	0.88111	1.812	0	0	0	0	35.504
801	2	1024	16	16	4	4	16	0	0	0	16	8	4	1	16	0	56.775	0.88111	1.812	0.99329	1.6635	0.98719	2.6275
802	2	1024	16	16	4	4	16	0	0	0	16	8	4	1	16	1	58.382	0.88111	1.812	0.99998	1.727	0.99383	2.6867
803	2	1024	16	16	4	4	16	0	0	0	16	8	4	2	16	0	59.445	0.88111	1.812	0.99385	1.7188	0.98774	2.7544
804	2	1024	16	16	4	4	16	0	0	0	16	8	4	2	16	1	61.127	0.88111	1.812	0.99998	1.7865	0.99383	2.8181
812	2	1024	16	16	8	1	16	0	0	0	0	0	0	0	0	0	54.528	0.88803	1.7817	0	0	0	0	35.194
813	2	1024	16	16	8	1	16	0	0	0	16	8	8	1	16	0	63.542	0.88803	1.7817	0.99307	1.8039	0.98697	2.9545
814	2	1024	16	16	8	1	16	0	0	0	16	8	8	2	16	0	69.515	0.88803	1.7817	0.99385	2.0141	0.98774	3.2418
815	2	1024	16	16	8	2	16	0	0	0	0	0	0	0	0	0	55.26	0.87189	1.8536	0	0	0	0	35.926
816	2	1024	16	16	8	2	16	0	0	0	16	8	8	1	16	0	62.388	0.87189	1.8536	0.99306	1.7498	0.98695	2.8987
817	2	1024	16	16	8	2	16	0	0	0	16	8	8	2	16	0	66.473	0.87189	1.8536	0.99385	1.8712	0.98774	3.094
819	2	1024	16	16	8	4	16	0	0	0	0	0	0	0	0	0	50.724	0.84052	2.0036	0	0	0	0	37.392
820	2	1024	16	16	8	4	16	0	0	0	8	8	8	2	16	2	50.724	0.84052	2.0036	0.99909	1.8391	0.99601	2.317
823	2	1024	16	16	8	8	16	0	0	0	0	0	0	0	0	0	50.355	0.78115	2.3303	0	0	0	0	40.322
824	2	1024	16	16	8	8	16	0	0	0	8	8	8	2	16	0	50.355	0.78115	2.3303	0.78115	2.3303	0.77875	2.9411
825	2	1024	16	16	8	8	16	0	0	0	8	8	8	2	16	1	52.188	0.78115	2.3303	0.9726	1.9594	0.96961	2.4513
826	2	1024	16	16	8	8	16	0	0	0	8	8	8	2	16	2	54.02	0.78115	2.3303	0.99753	1.9963	0.99446	2.4771
831	2	1024	16	16	16	1	16	0	0	0	0	0	0	0	0	0	50.889	0.80825	2.1742	0	0	0	0	38.969
832	2	1024	16	16	16	1	16	0	0	0	8	8	16	2	16	0	50.889	0.80825	2.1742	0.80825	2.1742	0.80576	2.8737
833	2	1024	16	16	16	1	16	0	0	0	8	8	16	2	16	1	52.637	0.80825	2.1742	0.97917	1.8778	0.97616	2.4566
834	2	1024	16	16	16	1	16	0	0	0	8	8	16	2	16	2	54.385	0.80825	2.1742	0.99838	1.9234	0.9953	2.4924
838	2	1024	16	16	16	2	16	0	0	0	0	0	0	0	0	0	51.622	0.79348	2.2576	0	0	0	0	39.701
839	2	1024	16	16	16	2	16	0	0	0	8	8	16	2	16	0	51.622	0.79348	2.2576	0.79348	2.2576	0.79103	2.9709
840	2	1024	16	16	16	2	16	0	0	0	8	8	16	2	16	1	53.416	0.79348	2.2576	0.97571	1.9216	0.97271	2.5031
841	2	1024	16	16	16	2	16	0	0	0	8	8	16	2	16	2	55.209	0.79348	2.2576	0.99795	1.9628	0.99487	2.5327
844	2	1024	16	16	16	4	16	0	0	0	0	0	0	0	0	0	53.087	0.76489	2.4313	0	0	0	0	41.166
845	2	1024	16	16	16	4	16	0	0	0	8	8	16	2	16	0	53.087	0.76489	2.4313	0.76489	2.4313	0.76254	3.1727
846	2	1024	16	16	16	4	16	0	0	0	8	8	16	2	16	1	54.972	0.76489	2.4313	0.96819	2.0116	0.96521	2.5989
868	2	1024	16	32	2	1	16	0	0	0	0	0	0	0	0	0	50.701	0.95308	1.9961	0	0	0	0	42.083
869	2	1024	16	32	2	1	16	0	0	0	8	8	2	2	16	0	50.701	0.95308	1.9961	0.95308	1.9961	0.95014	2.4277
870	2	1024	16	32	2	1	16	0	0	0	8	8	2	2	16	1	52.643	0.95308	1.9961	0.99881	1.9956	0.99574	2.4086
871	2	1024	16	32	2	1	16	0	0	0	8	8	2	2	16	2	54.586	0.95308	1.9961	0.99998	2.0842	0.9969	2.4979
875	2	1024	16	32	2	2	16	0	0	0	0	0	0	0	0	0	51.433	0.93578	2.0695	0	0	0	0	42.815
876	2	1024	16	32	2	2	16	0	0	0	8	8	2	2	16	0	51.433	0.93578	2.0695	0.93578	2.0695	0.9329	2.5096
877	2	1024	16	32	2	2	16	0	0	0	8	8	2	2	16	1	53.422	0.93578	2.0695	0.99776	2.0342	0.99469	2.4481
878	2	1024	16	32	2	2	16	0	0	0	8	8	2	2	16	2	55.41	0.93578	2.0695	0.99994	2.123	0.99687	2.5371
888	2	1024	16	32	4	1	16	0	0	0	0	0	0	0	0	0	52.116	0.93087	2.091	0	0	0	0	43.027
889	2	1024	16	32	4	1	16	0	0	0	8	8	4	2	16	0	52.116	0.93087	2.091	0.93087	2.091	0.92801	2.5575
890	2	1024	16	32	4	1	16	0	0	0	8	8	4	2	16	1	54.118	0.93087	2.091	0.9974	2.0454	0.99433	2.4821
893	2	1024	16	32	4	2	16	0	0	0	0	0	0	0	0	0	52.849	0.91398	2.1672	0	0	0	0	43.759
894	2	1024	16	32	4	2	16	0	0	0	8	8	4	2	16	0	52.849	0.91398	2.1672	0.91398	2.1672	0.91116	2.6428
895	2	1024	16	32	4	2	16	0	0	0	8	8	4	2	16	1	54.896	0.91398	2.1672	0.99596	2.085	0.99289	2.5228
897	2	1024	16	32	4	4	16	0	0	0	0	0	0	0	0	0	54.314	0.88111	2.3258	0	0	0	0	45.224
898	2	1024	16	32	4	4	16	0	0	0	8	8	4	2	16	0	54.314	0.88111	2.3258	0.88111	2.3258	0.87839	2.8202
900	2	1024	16	32	8	1	16	0	0	0	0	0	0	0	0	0	54.947	0.88803	2.2913	0	0	0	0	44.914
901	2	1024	16	32	8	1	16	0	0	0	8	8	8	2	16	0	54.947	0.88803	2.2913	0.88803	2.2913	0.8853	2.8321
903	2	1024	16	32	8	2	16	0	0	0	0	0	0	0	0	0	55.68	0.87189	2.3731	0	0	0	0	45.646
904	2	1024	16	32	8	2	16	0	0	0	8	8	8	2	16	0	55.68	0.87189	2.3731	0.87189	2.3731	0.8692	2.9245
905	2	2048	2	8	64	64	16	0	0	0	0	0	0	0	0	0	50.696	0.78538	1.9141	0	0	0	0	33.488
906	2	2048	2	8	64	64	16	0	0	0	2	8	64	1	16	2	54.864	0.78538	1.9141	1	2.0518	0.99923	2.5052
907	2	2048	2	8	64	64	16	0	0	0	2	8	64	2	16	2	55.348	0.78538	1.9141	1	2.0659	0.99923	2.5282
908	2	2048	2	16	64	64	16	0	0	0	0	0	0	0	0	0	51.911	0.78538	1.9499	0	0	0	0	34.096
909	2	2048	2	16	64	64	16	0	0	0	2	8	64	1	16	2	56.079	0.78538	1.9499	1	2.1088	0.99923	2.5628
910	2	2048	2	16	64	64	16	0	0	0	2	8	64	2	16	2	56.563	0.78538	1.9499	1	2.1229	0.99923	2.5858
912	2	2048	2	32	64	64	16	0	0	0	0	0	0	0	0	0	51.527	0.78538	2.0214	0	0	0	0	35.311
913	2	2048	2	32	64	64	16	0	0	0	1	8	64	2	16	2	51.527	0.78538	2.0214	0.99461	2.2208	0.99423	2.3593
914	2	2048	2	32	64	64	16	0	0	0	2	8	64	1	16	2	58.509	0.78538	2.0214	1	2.2229	0.99923	2.6783
915	2	2048	2	32	64	64	16	0	0	0	2	8	64	2	16	2	58.993	0.78538	2.0214	1	2.2371	0.99923	2.7013
922	2	2048	2	64	64	16	16	0	0	0	0	0	0	0	0	0	50.411	0.8766	1.7074	0	0	0	0	33.346
923	2	2048	2	64	64	16	16	0	0	0	2	8	64	1	16	2	54.932	0.8766	1.7074	1	2.055	0.99923	2.5085
924	2	2048	2	64	64	16	16	0	0	0	2	8	64	2	16	2	55.77	0.8766	1.7074	1	2.0857	0.99923	2.5482
926	2	2048	2	64	64	32	16	0	0	0	0	0	0	0	0	0	50.527	0.84507	1.8513	0	0	0	0	34.811
927	2	2048	2	64	64	32	16	0	0	0	1	8	64	2	16	2	50.527	0.84507	1.8513	0.99802	2.166	0.99764	2.3039
928	2	2048	2	64	64	32	16	0	0	0	2	8	64	1	16	2	57.626	0.84507	1.8513	1	2.1815	0.99923	2.6363
929	2	2048	2	64	64	32	16	0	0	0	2	8	64	2	16	2	58.229	0.84507	1.8513	1	2.2012	0.99923	2.6649
930	2	2048	2	64	64	64	16	0	0	0	0	0	0	0	0	0	51.331	0.78538	2.1649	0	0	0	0	37.741
931	2	2048	2	64	64	64	16	0	0	0	2	8	64	1	16	1	55.423	0.78538	2.1649	0.99985	2.0784	0.99908	2.5321
932	2	2048	2	64	64	64	16	0	0	0	2	8	64	2	16	1	55.832	0.78538	2.1649	1	2.0886	0.99923	2.5511
945	2	2048	4	8	64	1	16	0	0	0	0	0	0	0	0	0	50.598	0.82391	1.8219	0	0	0	0	33.439
946	2	2048	4	8	64	1	16	0	0	0	4	8	64	1	16	2	69.93	0.82391	1.8219	1	2.3093	0.99846	3.2269
947	2	2048	4	8	64	1	16	0	0	0	4	8	64	2	16	2	81.895	0.82391	1.8219	1	2.8594	0.99846	3.8058
948	2	2048	4	8	64	2	16	0	0	0	0	0	0	0	0	0	50.873	0.81969	1.8415	0	0	0	0	33.622
949	2	2048	4	8	64	2	16	0	0	0	4	8	64	1	16	2	64.542	0.81969	1.8415	1	2.0562	0.99846	2.9683
950	2	2048	4	8	64	2	16	0	0	0	4	8	64	2	16	2	70.845	0.81969	1.8415	1	2.3352	0.99846	3.271
951	2	2048	4	8	64	4	16	0	0	0	0	0	0	0	0	0	51.422	0.812	1.8798	0	0	0	0	33.989
952	2	2048	4	8	64	4	16	0	0	0	4	8	64	1	16	2	62.261	0.812	1.8798	1	1.9494	0.99846	2.8592
953	2	2048	4	8	64	4	16	0	0	0	4	8	64	2	16	2	65.733	0.812	1.8798	1	2.0948	0.99846	3.0253
954	2	2048	4	8	64	8	16	0	0	0	0	0	0	0	0	0	52.521	0.79715	1.9573	0	0	0	0	34.721
955	2	2048	4	8	64	8	16	0	0	0	4	8	64	1	16	2	61.944	0.79715	1.9573	1	1.9346	0.99846	2.8441
956	2	2048	4	8	64	8	16	0	0	0	4	8	64	2	16	2	64	0.79715	1.9573	1	2.0136	0.99846	2.9424
957	2	2048	4	8	64	16	16	0	0	0	0	0	0	0	0	0	51.172	0.76844	2.1188	0	0	0	0	36.186
958	2	2048	4	8	64	16	16	0	0	0	4	8	64	1	16	1	59.723	0.76844	2.1188	0.99993	1.8311	0.99839	2.7383
959	2	2048	4	8	64	16	16	0	0	0	4	8	64	1	16	2	63.434	0.76844	2.1188	1	2.0042	0.99846	2.9153
960	2	2048	4	8	64	16	16	0	0	0	4	8	64	2	16	1	60.908	0.76844	2.1188	1	1.8692	0.99846	2.7947
961	2	2048	4	8	64	16	16	0	0	0	4	8	64	2	16	2	64.782	0.76844	2.1188	1	2.0503	0.99846	2.9798
963	2	2048	4	8	64	32	16	0	0	0	0	0	0	0	0	0	53.486	0.71414	2.4704	0	0	0	0	39.116
964	2	2048	4	8	64	32	16	0	0	0	2	8	64	2	16	2	53.486	0.71414	2.4704	0.99127	2.1833	0.99051	2.4615
965	2	2048	4	8	64	32	16	0	0	0	4	8	64	1	16	0	58.707	0.71414	2.4704	0.98487	1.8111	0.98335	2.7311
966	2	2048	4	8	64	32	16	0	0	0	4	8	64	1	16	1	63.091	0.71414	2.4704	0.99986	1.9885	0.99832	2.8993
967	2	2048	4	8	64	32	16	0	0	0	4	8	64	2	16	0	59.493	0.71414	2.4704	0.99806	1.8067	0.99652	2.7325
968	2	2048	4	8	64	32	16	0	0	0	4	8	64	2	16	1	63.981	0.71414	2.4704	1	2.0127	0.99846	2.9415
970	2	2048	4	8	64	64	16	0	0	0	0	0	0	0	0	0	50.788	0.61682	3.3036	0	0	0	0	44.977
971	2	2048	4	8	64	64	16	0	0	0	2	8	64	2	16	0	50.788	0.61682	3.3036	0.61682	3.3036	0.61634	3.7492
988	2	2048	4	16	32	32	16	0	0	0	0	0	0	0	0	0	51.5	0.78477	2.0965	0	0	0	0	36.557
989	2	2048	4	16	32	32	16	0	0	0	4	8	32	1	16	2	55.909	0.78477	2.0965	1	2.0054	0.99846	2.5568
990	2	2048	4	16	32	32	16	0	0	0	4	8	32	2	16	2	56.727	0.78477	2.0965	1	2.0266	0.99846	2.5956
997	2	2048	4	16	64	1	16	0	0	0	0	0	0	0	0	0	52.421	0.82391	1.89	0	0	0	0	34.654
998	2	2048	4	16	64	1	16	0	0	0	4	8	64	1	16	2	71.752	0.82391	1.89	1	2.3953	0.99846	3.3147
999	2	2048	4	16	64	1	16	0	0	0	4	8	64	2	16	2	83.717	0.82391	1.89	1	2.9464	0.99846	3.8945
1000	2	2048	4	16	64	2	16	0	0	0	0	0	0	0	0	0	52.695	0.81969	1.9101	0	0	0	0	34.837
1001	2	2048	4	16	64	2	16	0	0	0	4	8	64	1	16	2	66.365	0.81969	1.9101	1	2.1416	0.99846	3.0556
1002	2	2048	4	16	64	2	16	0	0	0	4	8	64	2	16	2	72.668	0.81969	1.9101	1	2.4213	0.99846	3.3588
1003	2	2048	4	16	64	4	16	0	0	0	0	0	0	0	0	0	53.245	0.812	1.949	0	0	0	0	35.204
1004	2	2048	4	16	64	4	16	0	0	0	4	8	64	1	16	2	64.083	0.812	1.949	1	2.0346	0.99846	2.9463
1005	2	2048	4	16	64	4	16	0	0	0	4	8	64	2	16	1	63.219	0.812	1.949	1	1.9771	0.99846	2.905
1006	2	2048	4	16	64	4	16	0	0	0	4	8	64	2	16	2	67.555	0.812	1.949	1	2.1803	0.99846	3.1128
1007	2	2048	4	16	64	8	16	0	0	0	0	0	0	0	0	0	50.859	0.79715	2.0279	0	0	0	0	35.936
1008	2	2048	4	16	64	8	16	0	0	0	4	8	64	1	16	1	60.001	0.79715	2.0279	0.99996	1.844	0.99842	2.7515
1009	2	2048	4	16	64	8	16	0	0	0	4	8	64	1	16	2	63.766	0.79715	2.0279	1	2.0198	0.99846	2.9312
1010	2	2048	4	16	64	8	16	0	0	0	4	8	64	2	16	1	61.775	0.79715	2.0279	1	1.9096	0.99846	2.836
1011	2	2048	4	16	64	8	16	0	0	0	4	8	64	2	16	2	65.823	0.79715	2.0279	1	2.099	0.99846	3.0297
1013	2	2048	4	16	64	16	16	0	0	0	0	0	0	0	0	0	50.913	0.76844	2.1921	0	0	0	0	37.401
1014	2	2048	4	16	64	16	16	0	0	0	2	8	64	2	16	2	50.913	0.76844	2.1921	0.99553	2.0528	0.99476	2.3289
1015	2	2048	4	16	64	16	16	0	0	0	4	8	64	1	16	1	61.242	0.76844	2.1921	0.99993	1.9019	0.99839	2.8108
1016	2	2048	4	16	64	16	16	0	0	0	4	8	64	2	16	1	62.427	0.76844	2.1921	1	1.9401	0.99846	2.8672
1019	2	2048	4	16	64	32	16	0	0	0	0	0	0	0	0	0	50.726	0.71414	2.5496	0	0	0	0	40.331
1020	2	2048	4	16	64	32	16	0	0	0	2	8	64	2	16	1	50.726	0.71414	2.5496	0.94473	2.1538	0.94401	2.4447
1021	2	2048	4	16	64	32	16	0	0	0	2	8	64	2	16	2	55.308	0.71414	2.5496	0.99127	2.2698	0.99051	2.5486
1022	2	2048	4	16	64	32	16	0	0	0	4	8	64	1	16	0	59.922	0.71414	2.5496	0.98487	1.8685	0.98335	2.7899
1023	2	2048	4	16	64	32	16	0	0	0	4	8	64	2	16	0	60.708	0.71414	2.5496	0.99806	1.8634	0.99652	2.7905
1025	2	2048	4	16	64	64	16	0	0	0	0	0	0	0	0	0	52.003	0.61682	3.3959	0	0	0	0	46.192
1026	2	2048	4	16	64	64	16	0	0	0	2	8	64	2	16	0	52.003	0.61682	3.3959	0.61682	3.3959	0.61634	3.8421
1054	2	2048	4	32	32	16	16	0	0	0	0	0	0	0	0	0	50.749	0.84442	1.921	0	0	0	0	36.057
1055	2	2048	4	32	32	16	16	0	0	0	4	8	32	1	16	2	55.336	0.84442	1.921	1	1.9786	0.99846	2.5296
1056	2	2048	4	32	32	16	16	0	0	0	4	8	32	2	16	2	56.331	0.84442	1.921	1	2.008	0.99846	2.5768
1058	2	2048	4	32	32	32	16	0	0	0	0	0	0	0	0	0	51.404	0.78477	2.2403	0	0	0	0	38.987
1059	2	2048	4	32	32	32	16	0	0	0	2	8	32	2	16	2	51.404	0.78477	2.2403	0.99645	2.1628	0.99568	2.35
1060	2	2048	4	32	32	32	16	0	0	0	4	8	32	1	16	1	55.232	0.78477	2.2403	0.99995	1.9738	0.99841	2.5248
1061	2	2048	4	32	32	32	16	0	0	0	4	8	32	1	16	2	59.554	0.78477	2.2403	1	2.1763	0.99846	2.7301
1062	2	2048	4	32	32	32	16	0	0	0	4	8	32	2	16	1	55.975	0.78477	2.2403	1	1.9914	0.99846	2.5599
1063	2	2048	4	32	32	32	16	0	0	0	4	8	32	2	16	2	60.372	0.78477	2.2403	1	2.1976	0.99846	2.7691
1069	2	2048	4	32	64	1	16	0	0	0	0	0	0	0	0	0	50.438	0.82391	2.0267	0	0	0	0	37.084
1070	2	2048	4	32	64	1	16	0	0	0	2	8	64	2	16	2	50.438	0.82391	2.0267	0.9981	2.0251	0.99733	2.3004
1071	2	2048	4	32	64	1	16	0	0	0	4	8	64	1	16	1	69.693	0.82391	2.0267	0.99993	2.2983	0.99839	3.2157
1072	2	2048	4	32	64	1	16	0	0	0	4	8	64	2	16	1	79.725	0.82391	2.0267	1	2.756	0.99846	3.7004
1074	2	2048	4	32	64	2	16	0	0	0	0	0	0	0	0	0	50.712	0.81969	2.0474	0	0	0	0	37.267
1075	2	2048	4	32	64	2	16	0	0	0	2	8	64	2	16	2	50.712	0.81969	2.0474	0.99796	2.0383	0.99719	2.3137
1076	2	2048	4	32	64	2	16	0	0	0	4	8	64	1	16	1	65.203	0.81969	2.0474	0.99995	2.0872	0.99841	3.0001
1077	2	2048	4	32	64	2	16	0	0	0	4	8	64	2	16	1	70.517	0.81969	2.0474	1	2.3198	0.99846	3.2552
1079	2	2048	4	32	64	4	16	0	0	0	0	0	0	0	0	0	51.262	0.812	2.0878	0	0	0	0	37.634
1080	2	2048	4	32	64	4	16	0	0	0	2	8	64	2	16	2	51.262	0.812	2.0878	0.99767	2.0647	0.99691	2.3403
1081	2	2048	4	32	64	4	16	0	0	0	4	8	64	1	16	1	63.302	0.812	2.0878	0.99996	1.9982	0.99842	2.9091
1082	2	2048	4	32	64	4	16	0	0	0	4	8	64	2	16	1	66.256	0.812	2.0878	1	2.1194	0.99846	3.0505
1084	2	2048	4	32	64	8	16	0	0	0	0	0	0	0	0	0	52.36	0.79715	2.1693	0	0	0	0	38.366
1085	2	2048	4	32	64	8	16	0	0	0	2	8	64	2	16	2	52.36	0.79715	2.1693	0.99705	2.1177	0.99628	2.3939
1086	2	2048	4	32	64	8	16	0	0	0	4	8	64	1	16	1	63.038	0.79715	2.1693	0.99996	1.9858	0.99842	2.8965
1087	2	2048	4	32	64	8	16	0	0	0	4	8	64	2	16	1	64.813	0.79715	2.1693	1	2.0517	0.99846	2.9813
1090	2	2048	4	32	64	16	16	0	0	0	0	0	0	0	0	0	50.1	0.76844	2.3391	0	0	0	0	39.831
1091	2	2048	4	32	64	16	16	0	0	0	2	8	64	2	16	1	50.1	0.76844	2.3391	0.96432	2.0797	0.96358	2.3645
1092	2	2048	4	32	64	16	16	0	0	0	2	8	64	2	16	2	54.558	0.76844	2.3391	0.99553	2.2246	0.99476	2.5019
1093	2	2048	4	32	64	16	16	0	0	0	4	8	64	1	16	0	59.658	0.76844	2.3391	0.98979	1.8468	0.98827	2.7632
1094	2	2048	4	32	64	16	16	0	0	0	4	8	64	1	16	1	64.28	0.76844	2.3391	0.99993	2.044	0.99839	2.9559
1095	2	2048	4	32	64	16	16	0	0	0	4	8	64	2	16	0	60.679	0.76844	2.3391	0.99825	1.8617	0.99671	2.7886
1096	2	2048	4	32	64	16	16	0	0	0	4	8	64	2	16	1	65.465	0.76844	2.3391	1	2.0822	0.99846	3.0125
1098	2	2048	4	32	64	32	16	0	0	0	0	0	0	0	0	0	53.763	0.71414	2.7083	0	0	0	0	42.761
1099	2	2048	4	32	64	32	16	0	0	0	2	8	64	2	16	1	53.763	0.71414	2.7083	0.94473	2.3047	0.94401	2.5966
1100	2	2048	4	32	64	32	16	0	0	0	4	8	64	1	16	0	62.352	0.71414	2.7083	0.98487	1.9837	0.98335	2.9076
1101	2	2048	4	32	64	32	16	0	0	0	4	8	64	2	16	0	63.138	0.71414	2.7083	0.99806	1.9771	0.99652	2.9068
1103	2	2048	4	32	64	64	16	0	0	0	0	0	0	0	0	0	54.433	0.61682	3.5809	0	0	0	0	48.622
1104	2	2048	4	32	64	64	16	0	0	0	2	8	64	2	16	0	54.433	0.61682	3.5809	0.61682	3.5809	0.61634	4.0285
1141	2	2048	4	64	16	4	16	0	0	0	0	0	0	0	0	0	50.025	0.93519	1.773	0	0	0	0	36.832
1142	2	2048	4	64	16	4	16	0	0	0	4	8	16	1	16	2	53.077	0.93519	1.773	1	2.0496	0.99846	2.4226
1143	2	2048	4	64	16	4	16	0	0	0	4	8	16	2	16	2	54.426	0.93519	1.773	1	2.0956	0.99846	2.4864
1144	2	2048	4	64	16	8	16	0	0	0	0	0	0	0	0	0	51.123	0.91821	1.8428	0	0	0	0	37.564
1145	2	2048	4	64	16	8	16	0	0	0	4	8	16	1	16	2	53.822	0.91821	1.8428	1	2.0845	0.99846	2.4578
1146	2	2048	4	64	16	8	16	0	0	0	4	8	16	2	16	2	54.817	0.91821	1.8428	1	2.114	0.99846	2.505
1148	2	2048	4	64	16	16	16	0	0	0	0	0	0	0	0	0	50.524	0.88519	1.9884	0	0	0	0	39.029
1149	2	2048	4	64	16	16	16	0	0	0	2	8	16	2	16	2	50.524	0.88519	1.9884	0.99949	2.1592	0.99872	2.3013
1150	2	2048	4	64	16	16	16	0	0	0	4	8	16	1	16	2	55.843	0.88519	1.9884	1	2.1793	0.99846	2.5536
1151	2	2048	4	64	16	16	16	0	0	0	4	8	16	2	16	2	56.661	0.88519	1.9884	1	2.2006	0.99846	2.5925
1161	2	2048	4	64	32	1	16	0	0	0	0	0	0	0	0	0	50.178	0.90467	1.9014	0	0	0	0	38.17
1162	2	2048	4	64	32	1	16	0	0	0	2	8	32	2	16	2	50.178	0.90467	1.9014	0.99971	2.0982	0.99894	2.2844
1163	2	2048	4	64	32	1	16	0	0	0	4	8	32	1	16	2	63.813	0.90467	1.9014	1	2.377	0.99846	2.9334
1164	2	2048	4	64	32	1	16	0	0	0	4	8	32	2	16	1	64.095	0.90467	1.9014	1	2.373	0.99846	2.9469
1165	2	2048	4	64	32	1	16	0	0	0	4	8	32	2	16	2	70.117	0.90467	1.9014	1	2.6581	0.99846	3.2359
1167	2	2048	4	64	32	2	16	0	0	0	0	0	0	0	0	0	50.453	0.90042	1.9199	0	0	0	0	38.353
1168	2	2048	4	64	32	2	16	0	0	0	2	8	32	2	16	2	50.453	0.90042	1.9199	0.99967	2.1112	0.9989	2.2975
1169	2	2048	4	64	32	2	16	0	0	0	4	8	32	1	16	1	56.651	0.90042	1.9199	0.99999	2.0402	0.99845	2.592
1170	2	2048	4	64	32	2	16	0	0	0	4	8	32	1	16	2	61.257	0.90042	1.9199	1	2.2564	0.99846	2.8113
1171	2	2048	4	64	32	2	16	0	0	0	4	8	32	2	16	1	59.606	0.90042	1.9199	1	2.1616	0.99846	2.7326
1172	2	2048	4	64	32	2	16	0	0	0	4	8	32	2	16	2	64.729	0.90042	1.9199	1	2.4029	0.99846	2.9773
1174	2	2048	4	64	32	4	16	0	0	0	0	0	0	0	0	0	51.002	0.89215	1.9567	0	0	0	0	38.719
1175	2	2048	4	64	32	4	16	0	0	0	2	8	32	2	16	2	51.002	0.89215	1.9567	0.99958	2.1372	0.99881	2.3236
1176	2	2048	4	64	32	4	16	0	0	0	4	8	32	1	16	1	55.93	0.89215	1.9567	0.99999	2.0064	0.99845	2.5577
1177	2	2048	4	64	32	4	16	0	0	0	4	8	32	1	16	2	60.391	0.89215	1.9567	1	2.2157	0.99846	2.77
1178	2	2048	4	64	32	4	16	0	0	0	4	8	32	2	16	1	57.704	0.89215	1.9567	1	2.0723	0.99846	2.6421
1179	2	2048	4	64	32	4	16	0	0	0	4	8	32	2	16	2	62.447	0.89215	1.9567	1	2.2953	0.99846	2.8681
1181	2	2048	4	64	32	8	16	0	0	0	0	0	0	0	0	0	52.101	0.87593	2.0319	0	0	0	0	39.451
1182	2	2048	4	64	32	8	16	0	0	0	2	8	32	2	16	2	52.101	0.87593	2.0319	0.99936	2.1893	0.99859	2.3761
1183	2	2048	4	64	32	8	16	0	0	0	4	8	32	1	16	1	56.255	0.87593	2.0319	0.99999	2.0216	0.99845	2.5732
1184	2	2048	4	64	32	8	16	0	0	0	4	8	32	1	16	2	60.782	0.87593	2.0319	1	2.2341	0.99846	2.7886
1185	2	2048	4	64	32	8	16	0	0	0	4	8	32	2	16	1	57.44	0.87593	2.0319	1	2.06	0.99846	2.6295
1187	2	2048	4	64	32	16	16	0	0	0	0	0	0	0	0	0	54.299	0.84442	2.1885	0	0	0	0	40.917
1188	2	2048	4	64	32	16	16	0	0	0	2	8	32	2	16	2	54.299	0.84442	2.1885	0.99871	2.2943	0.99794	2.4817
1189	2	2048	4	64	32	16	16	0	0	0	4	8	32	1	16	1	57.792	0.84442	2.1885	0.99998	2.0937	0.99844	2.6463
1190	2	2048	4	64	32	16	16	0	0	0	4	8	32	2	16	1	58.682	0.84442	2.1885	1	2.1182	0.99846	2.6886
1192	2	2048	4	64	32	32	16	0	0	0	0	0	0	0	0	0	53.232	0.78477	2.5292	0	0	0	0	43.847
1193	2	2048	4	64	32	32	16	0	0	0	2	8	32	2	16	1	53.232	0.78477	2.5292	0.96932	2.312	0.96858	2.5048
1194	2	2048	4	64	32	32	16	0	0	0	4	8	32	1	16	0	55.77	0.78477	2.5292	0.99131	2.0164	0.98978	2.5725
1195	2	2048	4	64	32	32	16	0	0	0	4	8	32	2	16	0	56.438	0.78477	2.5292	0.99831	2.0164	0.99677	2.5862
1199	2	2048	4	64	64	1	16	0	0	0	0	0	0	0	0	0	52.741	0.82391	2.3012	0	0	0	0	41.944
1200	2	2048	4	64	64	1	16	0	0	0	2	8	64	2	16	1	52.741	0.82391	2.3012	0.97969	2.1734	0.97894	2.4546
1201	2	2048	4	64	64	1	16	0	0	0	4	8	64	1	16	0	68.849	0.82391	2.3012	0.9897	2.2819	0.98818	3.2079
1202	2	2048	4	64	64	1	16	0	0	0	4	8	64	2	16	0	76.947	0.82391	2.3012	0.99805	2.6291	0.99651	3.5727
1204	2	2048	4	64	64	2	16	0	0	0	0	0	0	0	0	0	52.97	0.81969	2.3234	0	0	0	0	42.127
1205	2	2048	4	64	64	2	16	0	0	0	2	8	64	2	16	1	52.97	0.81969	2.3234	0.97868	2.1867	0.97793	2.4682
1206	2	2048	4	64	64	2	16	0	0	0	4	8	64	1	16	0	65.257	0.81969	2.3234	0.99148	2.1076	0.98996	3.0283
1207	2	2048	4	64	64	2	16	0	0	0	4	8	64	2	16	0	69.581	0.81969	2.3234	0.99823	2.2797	0.9967	3.2158
1209	2	2048	4	64	64	4	16	0	0	0	0	0	0	0	0	0	53.428	0.812	2.3665	0	0	0	0	42.494
1210	2	2048	4	64	64	4	16	0	0	0	2	8	64	2	16	1	53.428	0.812	2.3665	0.97678	2.213	0.97602	2.4952
1211	2	2048	4	64	64	4	16	0	0	0	4	8	64	1	16	0	63.736	0.812	2.3665	0.99206	2.0345	0.99053	2.9532
1212	2	2048	4	64	64	4	16	0	0	0	4	8	64	2	16	0	66.173	0.812	2.3665	0.9983	2.119	0.99676	3.0516
1214	2	2048	4	64	64	8	16	0	0	0	0	0	0	0	0	0	54.344	0.79715	2.4535	0	0	0	0	43.226
1215	2	2048	4	64	64	8	16	0	0	0	2	8	64	2	16	1	54.344	0.79715	2.4535	0.97285	2.2661	0.9721	2.5498
1216	2	2048	4	64	64	8	16	0	0	0	4	8	64	1	16	0	63.525	0.79715	2.4535	0.99164	2.0255	0.99011	2.9443
1217	2	2048	4	64	64	8	16	0	0	0	4	8	64	2	16	0	65.018	0.79715	2.4535	0.9983	2.0648	0.99676	2.9962
1219	2	2048	4	64	64	16	16	0	0	0	0	0	0	0	0	0	50.502	0.76844	2.6344	0	0	0	0	44.691
1220	2	2048	4	64	64	16	16	0	0	0	2	8	64	2	16	0	50.502	0.76844	2.6344	0.76844	2.6344	0.76784	2.9919
1222	2	2048	4	64	64	32	16	0	0	0	0	0	0	0	0	0	53.433	0.71414	3.0271	0	0	0	0	47.621
1223	2	2048	4	64	64	32	16	0	0	0	2	8	64	2	16	0	53.433	0.71414	3.0271	0.71414	3.0271	0.71359	3.4132
1254	2	2048	8	8	16	8	16	0	0	0	0	0	0	0	0	0	51.202	0.84312	1.9273	0	0	0	0	36.118
1255	2	2048	8	8	16	8	16	0	0	0	8	8	16	1	16	2	56.391	0.84312	1.9273	1	1.8377	0.99692	2.5836
1256	2	2048	8	8	16	8	16	0	0	0	8	8	16	2	16	2	58.171	0.84312	1.9273	1	1.8865	0.99692	2.6684
1257	2	2048	8	8	16	16	16	0	0	0	0	0	0	0	0	0	50.603	0.78356	2.2474	0	0	0	0	39.048
1258	2	2048	8	8	16	16	16	0	0	0	8	8	16	1	16	0	55.346	0.78356	2.2474	0.99317	1.8013	0.99011	2.5514
1259	2	2048	8	8	16	16	16	0	0	0	8	8	16	1	16	1	57.552	0.78356	2.2474	0.99997	1.8919	0.9969	2.6389
1260	2	2048	8	8	16	16	16	0	0	0	8	8	16	1	16	2	59.759	0.78356	2.2474	1	1.995	0.99692	2.7441
1261	2	2048	8	8	16	16	16	0	0	0	8	8	16	2	16	0	56.681	0.78356	2.2474	0.99688	1.8228	0.99381	2.6055
1262	2	2048	8	8	16	16	16	0	0	0	8	8	16	2	16	1	58.962	0.78356	2.2474	0.99999	1.9235	0.99692	2.7061
1263	2	2048	8	8	16	16	16	0	0	0	8	8	16	2	16	2	61.244	0.78356	2.2474	1	2.0302	0.99692	2.815
1268	2	2048	8	8	32	1	16	0	0	0	0	0	0	0	0	0	52.658	0.81843	2.0541	0	0	0	0	37.329
1269	2	2048	8	8	32	1	16	0	0	0	8	8	32	1	16	0	68.49	0.81843	2.0541	0.9922	2.0664	0.98914	3.1874
1270	2	2048	8	8	32	1	16	0	0	0	8	8	32	1	16	1	71.395	0.81843	2.0541	0.99997	2.1867	0.99689	3.3027
1271	2	2048	8	8	32	1	16	0	0	0	8	8	32	2	16	0	77.138	0.81843	2.0541	0.99681	2.4305	0.99374	3.5919
1272	2	2048	8	8	32	1	16	0	0	0	8	8	32	2	16	1	81.033	0.81843	2.0541	0.99999	2.6072	0.99692	3.7697
1273	2	2048	8	8	32	2	16	0	0	0	0	0	0	0	0	0	53.024	0.81075	2.0945	0	0	0	0	37.695
1274	2	2048	8	8	32	2	16	0	0	0	8	8	32	1	16	0	65.081	0.81075	2.0945	0.99302	1.9042	0.98996	3.0198
1275	2	2048	8	8	32	2	16	0	0	0	8	8	32	1	16	1	67.561	0.81075	2.0945	0.99997	2.0068	0.99689	3.1179
1276	2	2048	8	8	32	2	16	0	0	0	8	8	32	2	16	0	69.955	0.81075	2.0945	0.99685	2.0912	0.99379	3.2433
1277	2	2048	8	8	32	2	16	0	0	0	8	8	32	2	16	1	72.952	0.81075	2.0945	0.99999	2.2254	0.99692	3.3777
1279	2	2048	8	8	32	4	16	0	0	0	0	0	0	0	0	0	50.382	0.79593	2.1763	0	0	0	0	38.428
1280	2	2048	8	8	32	4	16	0	0	0	4	8	32	2	16	2	50.382	0.79593	2.1763	0.9977	1.9279	0.99616	2.3005
1281	2	2048	8	8	32	4	16	0	0	0	8	8	32	1	16	0	63.926	0.79593	2.1763	0.99306	1.8499	0.99	2.9639
1282	2	2048	8	8	32	4	16	0	0	0	8	8	32	1	16	1	66.261	0.79593	2.1763	0.99997	1.9461	0.99689	3.0555
1283	2	2048	8	8	32	4	16	0	0	0	8	8	32	2	16	0	66.912	0.79593	2.1763	0.99687	1.9483	0.9938	3.0964
1285	2	2048	8	8	32	8	16	0	0	0	0	0	0	0	0	0	52.214	0.76725	2.3464	0	0	0	0	39.893
1286	2	2048	8	8	32	8	16	0	0	0	4	8	32	2	16	2	52.214	0.76725	2.3464	0.99651	2.0162	0.99497	2.39
1287	2	2048	8	8	32	8	16	0	0	0	8	8	32	1	16	0	64.448	0.76725	2.3464	0.99223	1.8759	0.98918	2.9916
1288	2	2048	8	8	32	8	16	0	0	0	8	8	32	2	16	0	66.49	0.76725	2.3464	0.99686	1.9285	0.99379	3.076
1292	2	2048	8	8	32	16	16	0	0	0	0	0	0	0	0	0	50.671	0.71304	2.7165	0	0	0	0	42.823
1293	2	2048	8	8	32	16	16	0	0	0	4	8	32	2	16	0	50.671	0.71304	2.7165	0.71304	2.7165	0.71194	3.238
1294	2	2048	8	8	32	16	16	0	0	0	4	8	32	2	16	1	53.274	0.71304	2.7165	0.94918	2.169	0.94771	2.5621
1295	2	2048	8	8	32	16	16	0	0	0	4	8	32	2	16	2	55.877	0.71304	2.7165	0.99316	2.1959	0.99163	2.5728
1323	2	2048	8	16	8	8	16	0	0	0	0	0	0	0	0	0	50.359	0.88383	1.867	0	0	0	0	36.661
1324	2	2048	8	16	8	8	16	0	0	0	8	8	8	2	16	2	54.485	0.88383	1.867	1	1.8907	0.99692	2.493
1335	2	2048	8	16	16	1	16	0	0	0	0	0	0	0	0	0	51.035	0.89903	1.8006	0	0	0	0	35.984
1336	2	2048	8	16	16	1	16	0	0	0	8	8	16	1	16	2	60.352	0.89903	1.8006	1	2.0227	0.99692	2.7724
1337	2	2048	8	16	16	1	16	0	0	0	8	8	16	2	16	2	66.261	0.89903	1.8006	1	2.2658	0.99692	3.0554
1338	2	2048	8	16	16	2	16	0	0	0	0	0	0	0	0	0	51.493	0.89077	1.8363	0	0	0	0	36.351
1339	2	2048	8	16	16	2	16	0	0	0	8	8	16	1	16	2	58.451	0.89077	1.8363	1	1.9338	0.99692	2.6817
1340	2	2048	8	16	16	2	16	0	0	0	8	8	16	2	16	1	59.643	0.89077	1.8363	0.99999	1.9553	0.99692	2.7386
1341	2	2048	8	16	16	2	16	0	0	0	8	8	16	2	16	2	62	0.89077	1.8363	1	2.0656	0.99692	2.8512
1342	2	2048	8	16	16	4	16	0	0	0	0	0	0	0	0	0	50.523	0.87458	1.9092	0	0	0	0	37.083
1343	2	2048	8	16	16	4	16	0	0	0	8	8	16	1	16	1	56.138	0.87458	1.9092	0.99999	1.8259	0.99691	2.5716
1344	2	2048	8	16	16	4	16	0	0	0	8	8	16	1	16	2	58.187	0.87458	1.9092	1	1.9215	0.99692	2.6691
1345	2	2048	8	16	16	4	16	0	0	0	8	8	16	2	16	1	58.344	0.87458	1.9092	0.99999	1.8946	0.99692	2.6766
1346	2	2048	8	16	16	4	16	0	0	0	8	8	16	2	16	2	60.557	0.87458	1.9092	1	1.998	0.99692	2.7822
1347	2	2048	8	16	16	8	16	0	0	0	0	0	0	0	0	0	50.103	0.84312	2.0611	0	0	0	0	38.548
1348	2	2048	8	16	16	8	16	0	0	0	8	8	16	1	16	0	55.082	0.84312	2.0611	0.99498	1.7857	0.99192	2.5341
1349	2	2048	8	16	16	8	16	0	0	0	8	8	16	1	16	1	57.255	0.84312	2.0611	0.99999	1.878	0.99691	2.6248
1350	2	2048	8	16	16	8	16	0	0	0	8	8	16	1	16	2	59.428	0.84312	2.0611	1	1.9795	0.99692	2.7283
1351	2	2048	8	16	16	8	16	0	0	0	8	8	16	2	16	0	56.652	0.84312	2.0611	0.9969	1.8214	0.99384	2.6041
1352	2	2048	8	16	16	8	16	0	0	0	8	8	16	2	16	1	58.93	0.84312	2.0611	0.99999	1.922	0.99692	2.7046
1353	2	2048	8	16	16	8	16	0	0	0	8	8	16	2	16	2	61.208	0.84312	2.0611	1	2.0285	0.99692	2.8133
1355	2	2048	8	16	16	16	16	0	0	0	0	0	0	0	0	0	52.308	0.78356	2.3919	0	0	0	0	41.478
1356	2	2048	8	16	16	16	16	0	0	0	4	8	16	2	16	2	52.308	0.78356	2.3919	0.99723	2.1078	0.99569	2.3928
1357	2	2048	8	16	16	16	16	0	0	0	8	8	16	1	16	0	57.776	0.78356	2.3919	0.99317	1.9154	0.99011	2.6678
1358	2	2048	8	16	16	16	16	0	0	0	8	8	16	1	16	1	60.286	0.78356	2.3919	0.99997	2.0197	0.9969	2.7693
1359	2	2048	8	16	16	16	16	0	0	0	8	8	16	2	16	0	59.111	0.78356	2.3919	0.99688	1.9365	0.99381	2.7216
1360	2	2048	8	16	16	16	16	0	0	0	8	8	16	2	16	1	61.696	0.78356	2.3919	0.99999	2.0514	0.99692	2.8366
1364	2	2048	8	16	32	1	16	0	0	0	0	0	0	0	0	0	52.046	0.81843	2.1921	0	0	0	0	39.759
1365	2	2048	8	16	32	1	16	0	0	0	4	8	32	2	16	2	52.046	0.81843	2.1921	0.99841	2.0045	0.99687	2.3776
1366	2	2048	8	16	32	1	16	0	0	0	8	8	32	1	16	0	70.92	0.81843	2.1921	0.9922	2.1813	0.98914	3.3054
1367	2	2048	8	16	32	1	16	0	0	0	8	8	32	2	16	0	79.568	0.81843	2.1921	0.99681	2.5459	0.99374	3.7103
1370	2	2048	8	16	32	2	16	0	0	0	0	0	0	0	0	0	50.239	0.81075	2.2339	0	0	0	0	40.125
1371	2	2048	8	16	32	2	16	0	0	0	4	8	32	2	16	1	50.239	0.81075	2.2339	0.97863	1.9586	0.97712	2.3384
1372	2	2048	8	16	32	2	16	0	0	0	4	8	32	2	16	2	52.504	0.81075	2.2339	0.99818	2.0264	0.99665	2.3998
1373	2	2048	8	16	32	2	16	0	0	0	8	8	32	1	16	0	67.511	0.81075	2.2339	0.99302	2.0185	0.98996	3.1373
1374	2	2048	8	16	32	2	16	0	0	0	8	8	32	2	16	0	72.385	0.81075	2.2339	0.99685	2.2056	0.99379	3.3609
1377	2	2048	8	16	32	4	16	0	0	0	0	0	0	0	0	0	51.063	0.79593	2.3184	0	0	0	0	40.858
1378	2	2048	8	16	32	4	16	0	0	0	4	8	32	2	16	1	51.063	0.79593	2.3184	0.97503	2.0054	0.97353	2.3869
1379	2	2048	8	16	32	4	16	0	0	0	4	8	32	2	16	2	53.42	0.79593	2.3184	0.9977	2.0704	0.99616	2.4444
1382	2	2048	8	16	32	8	16	0	0	0	0	0	0	0	0	0	50.171	0.76725	2.4941	0	0	0	0	42.323
1383	2	2048	8	16	32	8	16	0	0	0	4	8	32	2	16	0	50.171	0.76725	2.4941	0.76725	2.4941	0.76607	2.9784
1384	2	2048	8	16	32	8	16	0	0	0	4	8	32	2	16	1	52.711	0.76725	2.4941	0.9672	2.1013	0.96571	2.4868
1385	2	2048	8	16	32	8	16	0	0	0	4	8	32	2	16	2	55.251	0.76725	2.4941	0.99651	2.1591	0.99497	2.5344
1388	2	2048	8	16	32	16	16	0	0	0	0	0	0	0	0	0	53.101	0.71304	2.8759	0	0	0	0	45.253
1389	2	2048	8	16	32	16	16	0	0	0	4	8	32	2	16	0	53.101	0.71304	2.8759	0.71304	2.8759	0.71194	3.399
1404	2	2048	8	32	2	1	16	0	0	0	0	0	0	0	0	0	50.045	0.97626	1.7321	0	0	0	0	37.541
1405	2	2048	8	32	2	1	16	0	0	0	8	8	2	2	16	2	53.344	0.97626	1.7321	1	1.9696	0.99692	2.4389
1406	2	2048	8	32	2	2	16	0	0	0	0	0	0	0	0	0	50.136	0.96736	1.7656	0	0	0	0	37.908
1407	2	2048	8	32	2	2	16	0	0	0	8	8	2	1	16	2	51.727	0.96736	1.7656	1	1.9283	0.99692	2.3623
1408	2	2048	8	32	2	2	16	0	0	0	8	8	2	2	16	2	53.212	0.96736	1.7656	1	1.9635	0.99692	2.4327
1423	2	2048	8	32	4	1	16	0	0	0	0	0	0	0	0	0	50.74	0.96482	1.7754	0	0	0	0	38.013
1424	2	2048	8	32	4	1	16	0	0	0	8	8	4	1	16	2	53.687	0.96482	1.7754	1	1.9758	0.99692	2.4552
1425	2	2048	8	32	4	1	16	0	0	0	8	8	4	2	16	2	56.057	0.96482	1.7754	1	2.0525	0.99692	2.5677
1426	2	2048	8	32	4	2	16	0	0	0	0	0	0	0	0	0	51.198	0.95602	1.8095	0	0	0	0	38.38
1427	2	2048	8	32	4	2	16	0	0	0	8	8	4	1	16	2	53.555	0.95602	1.8095	1	1.9696	0.99692	2.4489
1428	2	2048	8	32	4	2	16	0	0	0	8	8	4	2	16	2	55.336	0.95602	1.8095	1	2.0187	0.99692	2.5334
1429	2	2048	8	32	4	4	16	0	0	0	0	0	0	0	0	0	52.113	0.93867	1.8792	0	0	0	0	39.112
1430	2	2048	8	32	4	4	16	0	0	0	8	8	4	1	16	2	54.176	0.93867	1.8792	1	1.9987	0.99692	2.4784
1431	2	2048	8	32	4	4	16	0	0	0	8	8	4	2	16	1	53.372	0.93867	1.8792	0.99999	1.9268	0.99692	2.4403
1432	2	2048	8	32	4	4	16	0	0	0	8	8	4	2	16	2	55.661	0.93867	1.8792	1	2.0339	0.99692	2.5489
1447	2	2048	8	32	8	1	16	0	0	0	0	0	0	0	0	0	50.744	0.94235	1.8642	0	0	0	0	38.957
1448	2	2048	8	32	8	1	16	0	0	0	8	8	8	1	16	1	55.533	0.94235	1.8642	0.99999	1.9739	0.99691	2.5428
1449	2	2048	8	32	8	1	16	0	0	0	8	8	8	1	16	2	57.934	0.94235	1.8642	1	2.0863	0.99692	2.6571
1450	2	2048	8	32	8	1	16	0	0	0	8	8	8	2	16	1	58.8	0.94235	1.8642	0.99999	2.0926	0.99692	2.6984
1451	2	2048	8	32	8	1	16	0	0	0	8	8	8	2	16	2	61.483	0.94235	1.8642	1	2.2186	0.99692	2.8264
1452	2	2048	8	32	8	2	16	0	0	0	0	0	0	0	0	0	51.156	0.93375	1.8997	0	0	0	0	39.323
1453	2	2048	8	32	8	2	16	0	0	0	8	8	8	1	16	1	54.883	0.93375	1.8997	0.99999	1.9435	0.99691	2.512
1454	2	2048	8	32	8	2	16	0	0	0	8	8	8	1	16	2	57.212	0.93375	1.8997	1	2.0525	0.99692	2.6227
1455	2	2048	8	32	8	2	16	0	0	0	8	8	8	2	16	1	57.089	0.93375	1.8997	0.99999	2.0124	0.99692	2.6168
1456	2	2048	8	32	8	2	16	0	0	0	8	8	8	2	16	2	59.582	0.93375	1.8997	1	2.1292	0.99692	2.7356
1457	2	2048	8	32	8	4	16	0	0	0	0	0	0	0	0	0	51.98	0.9168	1.972	0	0	0	0	40.056
1458	2	2048	8	32	8	4	16	0	0	0	8	8	8	1	16	1	55.176	0.9168	1.972	0.99999	1.9572	0.99691	2.5259
1459	2	2048	8	32	8	4	16	0	0	0	8	8	8	1	16	2	57.538	0.9168	1.972	1	2.0677	0.99692	2.6382
1460	2	2048	8	32	8	4	16	0	0	0	8	8	8	2	16	0	54.385	0.9168	1.972	0.99692	1.8919	0.99385	2.496
1461	2	2048	8	32	8	4	16	0	0	0	8	8	8	2	16	1	56.852	0.9168	1.972	0.99999	2.0013	0.99692	2.6055
1462	2	2048	8	32	8	4	16	0	0	0	8	8	8	2	16	2	59.318	0.9168	1.972	1	2.1169	0.99692	2.723
1464	2	2048	8	32	8	8	16	0	0	0	0	0	0	0	0	0	51.418	0.88383	2.1228	0	0	0	0	41.521
1465	2	2048	8	32	8	8	16	0	0	0	4	8	8	2	16	2	51.418	0.88383	2.1228	0.9996	2.1053	0.99806	2.345
1466	2	2048	8	32	8	8	16	0	0	0	8	8	8	1	16	0	54.044	0.88383	2.1228	0.99592	1.9121	0.99285	2.4822
1467	2	2048	8	32	8	8	16	0	0	0	8	8	8	1	16	1	56.559	0.88383	2.1228	0.99999	2.0219	0.99691	2.5916
1468	2	2048	8	32	8	8	16	0	0	0	8	8	8	2	16	0	55.378	0.88383	2.1228	0.99692	1.9384	0.99385	2.5433
1469	2	2048	8	32	8	8	16	0	0	0	8	8	8	2	16	1	57.969	0.88383	2.1228	0.99999	2.0536	0.99692	2.6587
1479	2	2048	8	32	16	1	16	0	0	0	0	0	0	0	0	0	51.516	0.89903	2.0518	0	0	0	0	40.844
1480	2	2048	8	32	16	1	16	0	0	0	4	8	16	2	16	2	51.516	0.89903	2.0518	0.99974	2.0654	0.9982	2.3493
1481	2	2048	8	32	16	1	16	0	0	0	8	8	16	1	16	0	60.681	0.89903	2.0518	0.99561	2.0471	0.99254	2.8004
1482	2	2048	8	32	16	1	16	0	0	0	8	8	16	1	16	1	63.554	0.89903	2.0518	0.99999	2.1729	0.99691	2.9256
1483	2	2048	8	32	16	1	16	0	0	0	8	8	16	2	16	0	65.554	0.89903	2.0518	0.9969	2.2394	0.99384	3.0308
1484	2	2048	8	32	16	1	16	0	0	0	8	8	16	2	16	1	68.945	0.89903	2.0518	0.99999	2.3924	0.99692	3.1845
1486	2	2048	8	32	16	2	16	0	0	0	0	0	0	0	0	0	51.974	0.89077	2.09	0	0	0	0	41.211
1487	2	2048	8	32	16	2	16	0	0	0	4	8	16	2	16	2	51.974	0.89077	2.09	0.99967	2.087	0.99813	2.3711
1488	2	2048	8	32	16	2	16	0	0	0	8	8	16	1	16	0	59.16	0.89077	2.09	0.99575	1.9753	0.99269	2.7271
1489	2	2048	8	32	16	2	16	0	0	0	8	8	16	1	16	1	61.843	0.89077	2.09	0.99999	2.0926	0.99691	2.8436
1490	2	2048	8	32	16	2	16	0	0	0	8	8	16	2	16	0	62.146	0.89077	2.09	0.99691	2.0789	0.99384	2.867
1491	2	2048	8	32	16	2	16	0	0	0	8	8	16	2	16	1	65.11	0.89077	2.09	0.99999	2.2117	0.99692	3.0002
1494	2	2048	8	32	16	4	16	0	0	0	0	0	0	0	0	0	50.396	0.87458	2.1678	0	0	0	0	41.943
1495	2	2048	8	32	16	4	16	0	0	0	4	8	16	2	16	1	50.396	0.87458	2.1678	0.99081	2.0311	0.98928	2.3171
1496	2	2048	8	32	16	4	16	0	0	0	4	8	16	2	16	2	52.889	0.87458	2.1678	0.9995	2.1303	0.99796	2.4149
1497	2	2048	8	32	16	4	16	0	0	0	8	8	16	1	16	0	58.948	0.87458	2.1678	0.9956	1.9657	0.99254	2.7174
1498	2	2048	8	32	16	4	16	0	0	0	8	8	16	1	16	1	61.605	0.87458	2.1678	0.99999	2.0815	0.99691	2.8323
1499	2	2048	8	32	16	4	16	0	0	0	8	8	16	2	16	0	60.991	0.87458	2.1678	0.99691	2.0246	0.99384	2.8116
1502	2	2048	8	32	16	8	16	0	0	0	0	0	0	0	0	0	52.045	0.84312	2.3298	0	0	0	0	43.408
1503	2	2048	8	32	16	8	16	0	0	0	4	8	16	2	16	1	52.045	0.84312	2.3298	0.98547	2.1204	0.98395	2.4087
1504	2	2048	8	32	16	8	16	0	0	0	4	8	16	2	16	2	54.721	0.84312	2.3298	0.99899	2.2175	0.99745	2.5029
1505	2	2048	8	32	16	8	16	0	0	0	8	8	16	1	16	0	59.942	0.84312	2.3298	0.99498	2.0136	0.99192	2.7667
1506	2	2048	8	32	16	8	16	0	0	0	8	8	16	2	16	0	61.512	0.84312	2.3298	0.9969	2.0491	0.99384	2.8366
1509	2	2048	8	32	16	16	16	0	0	0	0	0	0	0	0	0	52.299	0.78356	2.682	0	0	0	0	46.338
1510	2	2048	8	32	16	16	16	0	0	0	4	8	16	2	16	0	52.299	0.78356	2.682	0.78356	2.682	0.78236	3.0447
1511	2	2048	8	32	16	16	16	0	0	0	4	8	16	2	16	1	55.341	0.78356	2.682	0.97179	2.3096	0.9703	2.6032
1514	2	2048	8	32	32	1	16	0	0	0	0	0	0	0	0	0	52.467	0.81843	2.4693	0	0	0	0	44.619
1515	2	2048	8	32	32	1	16	0	0	0	4	8	32	2	16	0	52.467	0.81843	2.4693	0.81843	2.4693	0.81717	2.9247
1516	2	2048	8	32	32	1	16	0	0	0	4	8	32	2	16	1	55.294	0.81843	2.4693	0.98038	2.1966	0.97887	2.5782
1519	2	2048	8	32	32	2	16	0	0	0	0	0	0	0	0	0	52.833	0.81075	2.5139	0	0	0	0	44.985
1520	2	2048	8	32	32	2	16	0	0	0	4	8	32	2	16	0	52.833	0.81075	2.5139	0.81075	2.5139	0.8095	2.9738
1521	2	2048	8	32	32	2	16	0	0	0	4	8	32	2	16	1	55.706	0.81075	2.5139	0.97863	2.2203	0.97712	2.6027
1523	2	2048	8	32	32	4	16	0	0	0	0	0	0	0	0	0	53.566	0.79593	2.6038	0	0	0	0	45.718
1524	2	2048	8	32	32	4	16	0	0	0	4	8	32	2	16	0	53.566	0.79593	2.6038	0.79593	2.6038	0.7947	3.0727
1526	2	2048	8	32	32	8	16	0	0	0	0	0	0	0	0	0	55.031	0.76725	2.7907	0	0	0	0	47.183
1527	2	2048	8	32	32	8	16	0	0	0	4	8	32	2	16	0	55.031	0.76725	2.7907	0.76725	2.7907	0.76607	3.278
1532	2	2048	8	64	1	1	16	0	0	0	0	0	0	0	0	0	55.041	0.98203	2.1728	0	0	0	0	47.026
1533	2	2048	8	64	1	1	16	0	0	0	8	8	1	1	16	0	56.245	0.98203	2.1728	0.99689	2.1688	0.99382	2.5847
1549	2	2048	8	64	2	1	16	0	0	0	0	0	0	0	0	0	51.57	0.97626	2.197	0	0	0	0	47.261
1550	2	2048	8	64	2	1	16	0	0	0	4	8	2	2	16	0	51.57	0.97626	2.197	0.97626	2.197	0.97475	2.4085
1551	2	2048	8	64	2	1	16	0	0	0	4	8	2	2	16	1	54.728	0.97626	2.197	0.99968	2.2941	0.99814	2.5015
1552	2	2048	8	64	2	1	16	0	0	0	8	8	2	1	16	0	57.189	0.97626	2.197	0.99687	2.1911	0.9938	2.6298
1553	2	2048	8	64	2	1	16	0	0	0	8	8	2	2	16	0	58.76	0.97626	2.197	0.99692	2.2305	0.99385	2.7047
1556	2	2048	8	64	2	2	16	0	0	0	0	0	0	0	0	0	51.937	0.96736	2.235	0	0	0	0	47.628
1557	2	2048	8	64	2	2	16	0	0	0	4	8	2	2	16	0	51.937	0.96736	2.235	0.96736	2.235	0.96587	2.4485
1558	2	2048	8	64	2	2	16	0	0	0	4	8	2	2	16	1	55.14	0.96736	2.235	0.99939	2.3142	0.99786	2.5218
1559	2	2048	8	64	2	2	16	0	0	0	8	8	2	1	16	0	57.319	0.96736	2.235	0.99684	2.1973	0.99377	2.6361
1568	2	2048	8	64	4	1	16	0	0	0	0	0	0	0	0	0	52.278	0.96482	2.246	0	0	0	0	47.733
1569	2	2048	8	64	4	1	16	0	0	0	4	8	4	2	16	0	52.278	0.96482	2.246	0.96482	2.246	0.96333	2.4717
1570	2	2048	8	64	4	1	16	0	0	0	4	8	4	2	16	1	55.495	0.96482	2.246	0.9993	2.32	0.99776	2.5389
1573	2	2048	8	64	4	2	16	0	0	0	0	0	0	0	0	0	52.644	0.95602	2.2847	0	0	0	0	48.1
1574	2	2048	8	64	4	2	16	0	0	0	4	8	4	2	16	0	52.644	0.95602	2.2847	0.95602	2.2847	0.95455	2.5126
1575	2	2048	8	64	4	2	16	0	0	0	4	8	4	2	16	1	55.907	0.95602	2.2847	0.9989	2.3404	0.99736	2.5595
1577	2	2048	8	64	4	4	16	0	0	0	0	0	0	0	0	0	53.377	0.93867	2.3636	0	0	0	0	48.832
1578	2	2048	8	64	4	4	16	0	0	0	4	8	4	2	16	0	53.377	0.93867	2.3636	0.93867	2.3636	0.93723	2.5959
1582	2	2048	8	64	8	1	16	0	0	0	0	0	0	0	0	0	53.694	0.94235	2.3467	0	0	0	0	48.677
1583	2	2048	8	64	8	1	16	0	0	0	4	8	8	2	16	0	53.694	0.94235	2.3467	0.94235	2.3467	0.9409	2.6017
1585	2	2048	8	64	8	2	16	0	0	0	0	0	0	0	0	0	54.06	0.93375	2.3867	0	0	0	0	49.043
1586	2	2048	8	64	8	2	16	0	0	0	4	8	8	2	16	0	54.06	0.93375	2.3867	0.93375	2.3867	0.93231	2.6443
1588	2	2048	8	64	8	4	16	0	0	0	0	0	0	0	0	0	54.792	0.9168	2.4685	0	0	0	0	49.776
1589	2	2048	8	64	8	4	16	0	0	0	4	8	8	2	16	0	54.792	0.9168	2.4685	0.9168	2.4685	0.91539	2.731
1602	2	2048	12	8	2	2	16	0	0	0	0	0	0	0	0	0	50.008	0.95144	1.6499	0	0	0	0	34.927
1603	2	2048	12	8	2	2	16	0	0	0	12	8	2	2	16	2	53.922	0.95144	1.6499	1	1.7675	0.99539	2.4701
1619	2	2048	12	8	4	1	16	0	0	0	0	0	0	0	0	0	50.351	0.94769	1.6642	0	0	0	0	35.085
1620	2	2048	12	8	4	1	16	0	0	0	12	8	4	1	16	2	54.608	0.94769	1.6642	1	1.7847	0.99539	2.5027
1621	2	2048	12	8	4	1	16	0	0	0	12	8	4	2	16	2	57.999	0.94769	1.6642	1	1.8916	0.99539	2.6643
1622	2	2048	12	8	4	2	16	0	0	0	0	0	0	0	0	0	50.992	0.93476	1.7144	0	0	0	0	35.634
1623	2	2048	12	8	4	2	16	0	0	0	12	8	4	1	16	2	54.423	0.93476	1.7144	1	1.7761	0.99539	2.494
1624	2	2048	12	8	4	2	16	0	0	0	12	8	4	2	16	1	55.643	0.93476	1.7144	0.99999	1.7818	0.99537	2.552
1625	2	2048	12	8	4	2	16	0	0	0	12	8	4	2	16	2	56.989	0.93476	1.7144	1	1.8444	0.99539	2.6161
1626	2	2048	12	8	4	4	16	0	0	0	0	0	0	0	0	0	51.046	0.90943	1.8181	0	0	0	0	36.733
1627	2	2048	12	8	4	4	16	0	0	0	12	8	4	1	16	1	53.989	0.90943	1.8181	0.99999	1.756	0.99537	2.4734
